   -0.88533601
   -0.20379447
   -0.47295054
   -0.46925739
   -0.26410855
   -0.09452824
   -0.09028081
   -0.09693607
   -0.09131109
    0.02502898
   -0.08493761
    0.00675561
   -0.08402773
    0.00477790
    0.02145841
    0.02302447
    0.02690600
   -0.08489618
    0.00828471
   -0.08441044
    0.01104677
    0.02736139
    0.02096561
    0.02164662
   -0.08182319
    0.00536622
   -0.08304223
    0.00642422
    0.02404202
    0.02122517
    0.02524808
   -0.08663891
    0.00757445
   -0.08692535
    0.00744272
    0.02292898
    0.01888630
   -0.10672650
    0.04321296
    0.03567055
    0.03751872
   -0.08641112
    0.02621848
    0.01908490
    0.02714391
   -0.11363351
    0.04325549
    0.04122074
    0.04829735
   -0.10833722
    0.04077155
    0.03784060
    0.03891858
   -0.10308653
    0.03009349
    0.03068711
    0.04249317
   -0.11096087
    0.03947208
    0.03731826
    0.04542836
   -0.05486058
    0.03513242
    0.05259081
   -0.06271295
    0.06990296
    0.06410080
    0.08242268
    0.32659866
   -0.01377967
   -0.01997653
    0.05166335
   -0.01774113
    0.04999745
   -0.01673803
    0.35245923
    0.07787467
    0.05690778
    0.05076554
   -0.05876616
    0.04003787
    0.04811839
   -0.05784487
    0.05051791
    0.02790743
    0.17601157
    0.16583052
    0.16769703
    0.16900501
   -0.00276127
   -0.00125832
    0.05116320
    0.04844048
    0.06461343
