   -0.93140041
   -0.14543824
    0.11401838
    0.05572464
   -0.09778279
   -0.05086422
    0.08293235
    0.06496428
    0.07852441
    0.19557296
   -0.50272398
   -0.09774120
   -0.05061157
    0.07906364
    0.06567607
    0.08095434
    0.11385281
    0.05619093
   -0.14578236
    0.32719822
   -0.49811639
    0.07115313
    0.09578152
    0.09575656
   -0.14564631
    0.11378858
    0.05618046
   -0.09780251
   -0.05083188
    0.08070590
    0.07924592
    0.06601600
    0.19555132
   -0.50224061
   -0.09765601
   -0.05082950
    0.07843521
    0.08266206
    0.06534061
    0.11398888
    0.05555757
   -0.14595822
    0.32719054
   -0.49804937
    0.07076958
    0.09613892
    0.09610805
   -0.14594462
    0.11394048
    0.05573749
   -0.09750946
   -0.05097044
    0.06521844
    0.07871633
    0.08272619
    0.19551620
   -0.50237235
   -0.09764435
   -0.05062544
    0.07869619
    0.06560822
    0.08169502
    0.11373561
    0.05621050
   -0.14593811
    0.32716833
   -0.49791712
    0.07093424
    0.09596763
    0.09578087
   -0.14543707
    0.11401763
    0.05572858
   -0.09778327
   -0.05086444
    0.08293012
    0.06496374
    0.07852865
    0.19557297
   -0.50272313
   -0.09774229
   -0.05060923
    0.07905874
    0.06567024
    0.08096552
    0.11385143
    0.05619419
   -0.14577804
    0.32719868
   -0.49811826
    0.07115219
    0.09578312
    0.09575519
   -0.14564256
    0.11378831
    0.05618163
   -0.09780140
   -0.05083439
    0.08070287
    0.07925057
    0.06601728
    0.19555091
   -0.50223750
   -0.09765660
   -0.05082828
    0.07843029
    0.08265884
    0.06534569
    0.11398815
    0.05555587
   -0.14595776
    0.32719150
   -0.49805221
    0.07077001
    0.09614164
    0.09610457
   -0.14595062
    0.11393507
    0.05574207
   -0.09748934
   -0.05097707
    0.06522053
    0.07873028
    0.08269985
    0.19551235
   -0.50236052
   -0.09764695
   -0.05062461
    0.07869354
    0.06560780
    0.08169542
    0.11373590
    0.05620741
   -0.14594233
    0.32716789
   -0.49792042
    0.07093392
    0.09596795
    0.09578106
