   -0.98001284
   -0.50836892
   -0.50264778
   -0.50773724
   -0.50651997
   -0.50777140
   -0.50488867
   -0.16338074
   -0.15598601
   -0.15616640
   -0.15159024
   -0.15633295
   -0.15704768
   -0.14938342
   -0.14856243
   -0.16251245
   -0.15658007
   -0.15315494
   -0.15293753
    0.32955606
    0.32972569
    0.12468470
    0.04492322
    0.12924421
    0.02854805
    0.32933889
    0.32905688
    0.12318057
    0.03611920
    0.12251432
    0.03715643
    0.32956174
    0.32945821
    0.12771216
    0.03316856
    0.12705293
    0.03664004
    0.00158198
    0.07594006
    0.08190904
    0.00472339
   -0.03408914
   -0.00489948
   -0.03001463
    0.01859122
   -0.02759185
    0.04674613
   -0.02643495
    0.05451033
   -0.03492004
    0.05329124
    0.00367749
    0.06290202
    0.07973292
    0.00464624
   -0.04059124
    0.04306029
   -0.03144250
    0.04536880
   -0.03350091
    0.04620592
   -0.03069504
    0.04301706
   -0.03389849
    0.03097081
    0.00569354
    0.05861100
    0.08052746
    0.00326591
   -0.03405725
    0.03610980
   -0.03058185
    0.04305568
   -0.03297171
    0.04545202
   -0.03153884
    0.04402201
   -0.04125642
    0.04436755
    0.00200330
    0.08135731
    0.06369380
    0.00507310
   -0.03330118
    0.03112565
   -0.03084907
    0.04264793
   -0.03397473
    0.04456200
   -0.03172336
    0.04413221
   -0.04057246
    0.04486732
    0.00128867
    0.07980199
    0.07330517
    0.00866888
   -0.03500736
    0.04932567
   -0.02863770
    0.05188652
   -0.03028457
    0.04630975
   -0.02719746
    0.02595524
   -0.03263145
   -0.00616125
    0.00370033
    0.06483278
    0.08027524
    0.00400414
   -0.04071024
    0.04429175
   -0.03178673
    0.04482019
   -0.03357325
    0.04492437
   -0.03065769
    0.04208571
   -0.03387603
    0.03144875
    0.07680829
    0.10297967
    0.09610804
    0.07128377
    0.10299123
    0.10065072
    0.07520164
    0.10537304
    0.09759645
   -0.50836865
   -0.50264664
   -0.50774659
   -0.50652637
   -0.50777185
   -0.50488944
   -0.16338293
   -0.15598348
   -0.15617211
   -0.15159221
   -0.15633669
   -0.15705289
   -0.14939281
   -0.14857229
   -0.16251238
   -0.15657944
   -0.15315462
   -0.15294123
    0.32956203
    0.32972591
    0.12469851
    0.04490032
    0.12925282
    0.02855235
    0.32934379
    0.32905905
    0.12319308
    0.03612709
    0.12252759
    0.03715725
    0.32956569
    0.32945778
    0.12771534
    0.03317427
    0.12705531
    0.03662843
    0.00157854
    0.07594612
    0.08191115
    0.00472427
   -0.03409269
   -0.00490634
   -0.03001733
    0.01859533
   -0.02759241
    0.04674742
   -0.02643378
    0.05451151
   -0.03491892
    0.05329277
    0.00367809
    0.06290277
    0.07973373
    0.00464592
   -0.04059075
    0.04305925
   -0.03144234
    0.04536880
   -0.03350100
    0.04620641
   -0.03069523
    0.04301757
   -0.03389843
    0.03097019
    0.00569866
    0.05860692
    0.08052378
    0.00326573
   -0.03405681
    0.03610976
   -0.03058189
    0.04305634
   -0.03297196
    0.04545303
   -0.03153907
    0.04402246
   -0.04125636
    0.04436803
    0.00200750
    0.08135462
    0.06369010
    0.00507319
   -0.03330062
    0.03112581
   -0.03084898
    0.04264844
   -0.03397491
    0.04456292
   -0.03172367
    0.04413280
   -0.04057219
    0.04486788
    0.00128911
    0.07980234
    0.07330402
    0.00867012
   -0.03500697
    0.04932532
   -0.02863767
    0.05188645
   -0.03028507
    0.04631028
   -0.02719810
    0.02595601
   -0.03263116
   -0.00616215
    0.00369808
    0.06483633
    0.08027643
    0.00400398
   -0.04071109
    0.04429353
   -0.03178706
    0.04481960
   -0.03357312
    0.04492365
   -0.03065735
    0.04208434
   -0.03387594
    0.03144839
    0.07680917
    0.10297940
    0.09610923
    0.07129034
    0.10298619
    0.10064635
    0.07520618
    0.10536934
    0.09759357
