   -0.49751251
   -0.48311873
   -0.49260453
   -0.48686824
   -0.49617110
   -0.48815489
   -0.14760517
   -0.14142585
   -0.14587684
   -0.14225591
   -0.14433483
   -0.14433181
   -0.14591478
   -0.14074554
   -0.14420573
   -0.14414291
   -0.14107651
   -0.14036416
    0.32601149
    0.32206618
    0.11435531
    0.05266683
    0.11344031
    0.05295878
    0.32462863
    0.31763383
    0.11258859
    0.05678611
    0.11288926
    0.05509594
    0.32578425
    0.31739425
    0.11146000
    0.05815208
    0.11236123
    0.05735038
   -0.00860863
    0.06759140
    0.07568696
    0.07402477
    0.06841970
    0.09560326
    0.09526162
    0.06923564
    0.09076934
    0.09296996
    0.07090622
    0.09110259
    0.09168292
   -0.01448574
    0.07360993
    0.06780637
    0.08513899
   -0.00913298
    0.06506723
    0.07500639
    0.07127974
   -0.00446981
    0.08133142
    0.08487524
    0.07793375
   -0.00527666
    0.08084149
    0.08751183
    0.07340787
   -0.00512135
    0.07687441
    0.08684051
    0.08166060
   -0.49668126
   -0.47769450
   -0.49476962
   -0.48704722
   -0.49289741
   -0.48721071
   -0.14379771
   -0.14262041
   -0.14743577
   -0.13632409
   -0.14391246
   -0.14422669
   -0.14436209
   -0.14115514
   -0.14832008
   -0.14433052
   -0.14518491
   -0.14276425
    0.32609545
    0.32091582
    0.11427781
    0.05271393
    0.11177118
    0.05269020
    0.32433931
    0.31743355
    0.11170450
    0.05887101
    0.11322412
    0.05392798
    0.32621394
    0.32218591
    0.11388992
    0.05289977
    0.11541132
    0.04940064
   -0.00911735
    0.06393534
    0.07299580
    0.07505425
    0.06843513
    0.09530356
    0.09603359
    0.06891724
    0.09118471
    0.09109404
    0.07123006
    0.08982579
    0.09424322
   -0.00932479
    0.07951466
    0.07884404
    0.09077707
   -0.00990908
    0.06682216
    0.07621112
    0.07140225
   -0.00494726
    0.08135565
    0.08615662
    0.07751617
   -0.00898292
    0.07511148
    0.07926567
    0.06237526
   -0.01315797
    0.08354176
    0.07364271
    0.06910661
    0.04491700
    0.02444743
   -0.31941809
    0.07810865
    0.04182950
    0.03928212
    0.07819061
    0.04222613
   -0.32516131
    0.04138582
    0.07746978
    0.04024606
    0.07870955
    0.03963734
    0.03882660
    0.03850009
   -0.32607326
    0.03002474
    0.03942758
    0.03928968
    0.07218568
    0.04188463
   -0.31959483
    0.02362146
    0.07928154
    0.03997596
    0.08185852
    0.03876977
    0.03721332
    0.04039169
   -0.32660764
    0.07382372
    0.03694662
    0.05254665
    0.08004292
    0.03678628
   -0.32502854
    0.03668370
    0.03041372
    0.03842234
    0.07169632
    0.03856478
   -0.31628569
    0.07634961
    0.02806122
    0.07213193
    0.03588123
    0.05222745
    0.07850514
    0.04254380
   -0.32610093
    0.04155937
    0.07949463
    0.04059631
    0.08160579
    0.03697023
    0.03774927
    0.03371298
   -0.32589428
    0.03310262
    0.03950807
    0.03660951
    0.07412618
    0.04148851
   -0.31934719
    0.02404759
    0.07881776
    0.03979403
    0.08170942
    0.03970437
    0.03693314
    0.04098425
   -0.32656222
    0.07339144
    0.03671189
    0.05351634
    0.07981588
    0.03664768
   -0.32525097
    0.03700330
    0.03031285
    0.03840314
    0.07155599
    0.03861368
    0.07358914
    0.02691096
   -0.31826657
    0.07312088
    0.03497245
    0.05312124
    0.08119282
    0.03731118
   -0.32508921
    0.04157436
    0.07929783
    0.04051740
    0.08104275
    0.03744078
    0.03783085
    0.03515993
   -0.32620099
    0.03280709
    0.03964921
    0.03672689
    0.07423629
    0.07395944
    0.03533331
   -0.31693886
    0.08163875
    0.03859514
    0.03133044
    0.07628400
    0.03883062
   -0.32997285
    0.04977627
    0.07901486
    0.04212402
    0.07745396
    0.03568330
    0.03765176
    0.04045728
   -0.32473306
    0.03283559
    0.03839066
    0.03468006
    0.07183554
   -0.31979929
    0.04158110
    0.02435889
    0.07906917
    0.04007623
    0.03930414
    0.08180744
    0.03703884
   -0.32672312
    0.04057127
    0.07355325
    0.03662364
    0.07996069
    0.05334728
    0.03656644
    0.03691836
   -0.32519797
    0.03024296
    0.03854523
    0.03869611
    0.07167982
    0.07656162
   -0.31642967
    0.02914981
    0.07126567
    0.03631407
    0.07814828
    0.05296796
    0.04227224
    0.04076252
   -0.32669126
    0.07763334
    0.04115489
    0.03958180
    0.07917749
    0.03760712
   -0.32449593
    0.03609195
    0.03050381
    0.03887615
    0.07287517
    0.03757364
    0.03534235
    0.07288708
   -0.31703968
    0.08255915
    0.03055239
    0.03937418
    0.07745765
    0.04838433
   -0.32992757
    0.03884218
    0.08230818
    0.03257073
    0.07801086
    0.03981740
    0.04088622
    0.03919253
   -0.32754864
    0.03098820
    0.03771221
    0.04116268
    0.07090051
   -0.31732684
    0.05291617
    0.04793334
    0.07534501
    0.04062835
    0.04385454
    0.07698712
    0.04692818
   -0.32913623
    0.04023605
    0.07843830
    0.04110027
    0.07909418
    0.03975148
    0.03661401
    0.03688267
   -0.32492212
    0.03040456
    0.03850956
    0.03816200
    0.07254478
   -0.31708037
    0.02739559
    0.07414664
    0.07274079
    0.05184802
    0.03574698
    0.07862872
    0.04099418
   -0.32582726
    0.04235206
    0.07934162
    0.03719319
    0.08141138
    0.04029397
    0.03410979
    0.03781769
   -0.32637659
    0.03257618
    0.03671336
    0.03985057
    0.07498021
   -0.31668260
    0.03031694
    0.03929113
    0.07971369
    0.03694848
    0.03818179
    0.07969509
    0.04198731
   -0.32554419
    0.03987030
    0.07809630
    0.03853841
    0.07909024
    0.04005568
    0.03745049
    0.03900652
   -0.32599393
    0.03000214
    0.03901779
    0.03973635
    0.07256654
   -0.91631257
