   -0.95830095
   -0.25591120
   -0.44517377
   -0.41224554
   -0.41897027
   -0.26707388
   -0.43302678
    0.09886315
   -0.13177448
   -0.18786463
   -0.26290091
   -0.18715815
   -0.13014231
    0.09325164
    0.09807658
   -0.13119971
   -0.20283301
   -0.17008886
   -0.16249361
   -0.20549468
   -0.13857839
    0.09686497
    0.09236874
   -0.13122382
   -0.18661555
   -0.26111947
   -0.18873555
   -0.13591758
    0.09964271
    0.05433530
    0.03744709
   -0.02149658
   -0.02179474
   -0.03063395
    0.03614352
   -0.03873925
   -0.02314645
    0.04474000
   -0.02384582
   -0.02886133
   -0.02929860
   -0.02769417
   -0.02201641
    0.35614400
    0.07044513
    0.08028769
   -0.04249323
   -0.02219485
    0.04013720
   -0.02078737
   -0.02445691
   -0.02613986
   -0.02798024
   -0.02756537
   -0.00777000
    0.04912661
    0.09302831
   -0.04240550
   -0.01177734
   -0.04453336
    0.09243225
    0.05103483
   -0.00242986
    0.05774184
   -0.04958839
    0.05513731
   -0.03773926
   -0.01870321
   -0.03545460
    0.07436848
   -0.01883478
    0.05339074
   -0.02663223
   -0.04005445
   -0.02613370
    0.08021420
   -0.06668587
    0.07966317
    0.27935191
    0.05535776
    0.27738658
    0.05369724
   -0.30804332
    0.05638008
   -0.01887574
    0.05410122
   -0.05036160
    0.05734118
   -0.03576732
   -0.01963057
   -0.03921083
    0.07598068
   -0.00159921
    0.05139654
    0.09216602
   -0.04462432
   -0.01180721
   -0.04226259
    0.09239010
    0.04821353
   -0.00655335
    0.05580932
    0.03597324
   -0.02513007
   -0.02125142
   -0.02451568
    0.03961160
   -0.04375853
   -0.02366678
    0.03934848
   -0.02196641
   -0.02495942
   -0.02625454
   -0.02772106
   -0.02725874
    0.35419752
    0.07887324
    0.08185226
   -0.03658351
   -0.02687630
    0.04224176
   -0.02289732
   -0.02713280
   -0.02934789
   -0.03008763
   -0.02587891
    0.05359322
    0.07149066
    0.02621879
    0.03606135
    0.04078805
    0.03188362
    0.03021141
    0.07200972
    0.07822455
   -0.32671568
    0.03966915
    0.04980335
    0.03886911
    0.03786567
    0.03925051
    0.03975442
    0.03914307
    0.05812121
    0.05353278
    0.04740552
    0.05026823
    0.05465736
    0.05717868
    0.08312015
    0.08016152
    0.05855077
    0.04852092
    0.09884500
    0.07949917
    0.06078968
    0.05926274
    0.07985627
    0.08250340
    0.05597694
    0.04871812
    0.04695587
    0.05203479
    0.06411791
    0.06824590
    0.05679259
    0.03821558
    0.03901381
    0.04018593
    0.04016940
    0.03876119
    0.06612380
    0.07047594
   -0.32192085
    0.03982826
    0.04614501
    0.02942344
    0.03329686
    0.04250617
    0.03853716
    0.02636448
    0.21893520
    0.21907122
    0.08227710
    0.03185322
    0.04482624
    0.07692767
    0.05334055
   -0.33229434
    0.04146716
    0.07749241
    0.05029444
    0.08450818
    0.03798243
    0.03297944
    0.03687008
   -0.32996315
    0.03770300
    0.03989757
    0.03858278
    0.06607879
   -0.30891264
    0.04149219
    0.07918921
    0.05119470
    0.03963984
    0.08021330
    0.04391826
    0.04962654
    0.03652324
   -0.32888419
    0.07907442
    0.04039505
    0.03806492
    0.07885249
    0.03656250
   -0.33055707
    0.04044361
    0.03153755
    0.03771605
    0.06698837
    0.04865343
    0.04818406
    0.04692232
    0.04168564
    0.08074740
    0.04176983
    0.04182082
    0.04185228
   -0.32799963
    0.07950073
    0.03969004
    0.03972036
    0.08050030
    0.03854360
   -0.32912195
    0.03858538
    0.03573749
    0.03883130
    0.06820324
    0.03894452
    0.07900817
    0.04205915
    0.04684040
    0.08086116
    0.04032898
   -0.32720703
    0.04342364
    0.08160150
    0.04010762
    0.08059836
    0.03739236
    0.03857998
    0.03958917
   -0.33096487
    0.03512923
    0.03972795
    0.03965949
    0.06842079
