   -0.52877668
   -0.51380927
   -0.50218177
   -0.52132477
   -0.52696100
   -0.52198995
   -0.14147042
   -0.13639099
   -0.14401934
   -0.12950976
   -0.14065242
   -0.14203108
   -0.14466287
   -0.14476545
   -0.14168866
   -0.14178867
   -0.13446580
   -0.13462190
    0.32330678
    0.32336402
    0.09647636
    0.08725502
    0.09274023
    0.09189138
    0.33023392
    0.32033843
    0.10851029
    0.07114752
    0.11178156
    0.06041727
    0.32362139
    0.31907908
    0.09157944
    0.09443935
    0.09270090
    0.09654666
   -0.01531420
    0.07305892
    0.07099452
    0.08275771
    0.06280235
    0.10967236
    0.09821873
    0.06171283
    0.09563592
    0.10877475
    0.06636275
    0.09767516
    0.09797940
   -0.01436193
    0.08688074
    0.07061786
    0.10153450
   -0.01446465
    0.07242184
    0.08166060
    0.06794751
   -0.00712766
    0.07901009
    0.08858604
    0.07931115
   -0.01211132
    0.07747851
    0.09370323
    0.08732434
   -0.00922897
    0.08876143
    0.08746639
    0.07783278
   -0.50754069
   -0.51323405
   -0.52547476
   -0.52009074
   -0.50824726
   -0.51988330
   -0.14312449
   -0.13769356
   -0.15220808
   -0.13761294
   -0.14006256
   -0.13683575
   -0.14318245
   -0.13404466
   -0.14598733
   -0.13729798
   -0.14866308
   -0.14177032
    0.33387951
    0.32458548
    0.11445805
    0.05891387
    0.10882456
    0.06844918
    0.32343138
    0.31949184
    0.09358240
    0.09262745
    0.09567328
    0.09144372
    0.33269492
    0.32444556
    0.10970224
    0.06891502
    0.10893818
    0.06291136
   -0.01117200
    0.06588174
    0.07219185
    0.07850765
    0.06608440
    0.10126432
    0.10256001
    0.06429354
    0.10139281
    0.09614544
    0.06662491
    0.09366034
    0.10612039
   -0.01353722
    0.08908249
    0.07326781
    0.09458909
   -0.01401927
    0.07332995
    0.07991946
    0.06754262
   -0.01061417
    0.07618185
    0.09021088
    0.08912092
   -0.01394499
    0.07510310
    0.08745037
    0.07004419
   -0.01593608
    0.09564583
    0.07786061
    0.05980966
    0.04741429
    0.02999042
   -0.33759810
    0.07378246
    0.04828237
    0.04441035
    0.07415603
    0.04983987
   -0.34447473
    0.04750710
    0.07378904
    0.04703645
    0.07601174
    0.04518358
    0.04463149
    0.04322423
   -0.34952873
    0.02111230
    0.04735562
    0.04674622
    0.08273041
    0.04522864
   -0.33855660
    0.03099048
    0.07464954
    0.04702802
    0.07952345
    0.04540181
    0.04440106
    0.04268361
   -0.34624918
    0.06925417
    0.04227238
    0.05917521
    0.07713773
    0.04202410
   -0.34793621
    0.04232403
    0.02063979
    0.04703330
    0.08257854
    0.04666406
   -0.33549789
    0.08234516
    0.03690441
    0.06830731
    0.04382553
    0.05470025
    0.07446690
    0.05177872
   -0.34703617
    0.04602853
    0.07646570
    0.04878400
    0.07894606
    0.04077072
    0.04477040
    0.03644325
   -0.34798399
    0.02628593
    0.04817757
    0.04182107
    0.08443946
    0.04672543
   -0.33971008
    0.03312660
    0.07520052
    0.04928412
    0.08006470
    0.04335523
    0.04669688
    0.04032825
   -0.34749417
    0.07039533
    0.04448262
    0.05646128
    0.07758194
    0.04209094
   -0.34810019
    0.04467543
    0.02072571
    0.04793086
    0.08148708
    0.04611292
    0.08053983
    0.03203309
   -0.33530840
    0.07036025
    0.03872582
    0.05455290
    0.07412163
    0.05200089
   -0.34937149
    0.04787203
    0.07737352
    0.04983344
    0.07965063
    0.03914106
    0.04147951
    0.03911914
   -0.34760013
    0.02947215
    0.04733156
    0.03552763
    0.08637832
    0.05687224
    0.03611027
   -0.34327628
    0.07654690
    0.05032425
    0.03761228
    0.07936207
    0.04850628
   -0.34228313
    0.03543368
    0.07417036
    0.04700934
    0.07696744
    0.04383748
    0.04469360
    0.04112871
   -0.34900110
    0.01982288
    0.04875284
    0.04645874
    0.08434169
   -0.33937667
    0.04483542
    0.03243853
    0.07465541
    0.04713193
    0.04770623
    0.08008389
    0.04213244
   -0.34588178
    0.04405200
    0.07036092
    0.04163952
    0.07766549
    0.05739709
    0.04179082
    0.04197017
   -0.34694291
    0.02062964
    0.04692502
    0.04725334
    0.08247790
    0.07919425
   -0.33492008
    0.03865622
    0.07003930
    0.04335767
    0.07376201
    0.05222345
    0.05134927
    0.04792227
   -0.34624711
    0.07357857
    0.04929820
    0.04689318
    0.07754877
    0.04262616
   -0.34636470
    0.03904966
    0.02538483
    0.04441158
    0.08638944
    0.04023237
    0.04364026
    0.09035023
   -0.33652635
    0.08300871
    0.02262405
    0.04378152
    0.07778304
    0.04636327
   -0.35115538
    0.05022725
    0.08161781
    0.04176926
    0.07591313
    0.04264015
    0.04125004
    0.04624073
   -0.34831249
    0.02056299
    0.03951391
    0.05286889
    0.08378052
   -0.33833290
    0.06410306
    0.04344759
    0.07092222
    0.05058485
    0.04794601
    0.07790438
    0.04825683
   -0.34604339
    0.04250327
    0.07378161
    0.04878381
    0.07614033
    0.04612009
    0.04373821
    0.04217528
   -0.34793848
    0.02105648
    0.04684856
    0.04582576
    0.08376276
   -0.33560210
    0.03599744
    0.07421613
    0.07054811
    0.05211904
    0.04474999
    0.07519675
    0.04457791
   -0.34606894
    0.05207881
    0.07536456
    0.04265745
    0.07851861
    0.04886470
    0.03783245
    0.04559269
   -0.34796720
    0.02526924
    0.04266326
    0.04973423
    0.08416240
   -0.34271753
    0.03736013
    0.05417883
    0.07573496
    0.04210533
    0.04892929
    0.07864796
    0.03921667
   -0.34323591
    0.04690728
    0.07448830
    0.04346015
    0.07647400
    0.04661777
    0.04282088
    0.04570042
   -0.34942586
    0.02025295
    0.04757255
    0.04831273
    0.08380501
   -0.41615960
   -0.41055149
   -0.41968677
    0.68882311
   -0.41622170
