   -0.92905018
   -0.04363184
   -0.05485367
   -0.04370228
    0.00120081
   -0.03846727
    0.01244231
   -0.04303123
    0.00117333
    0.05354040
   -0.04584078
    0.02328068
   -0.05003709
    0.05349920
    0.00122022
   -0.04300311
    0.01245570
   -0.03844506
    0.00116135
   -0.14468825
   -0.19705136
    0.05326506
   -0.01949819
    0.08867137
   -0.19728552
   -0.14581444
    0.08887881
   -0.01936029
    0.05338668
    0.02495836
    0.05279926
    0.02494066
    0.04528133
    0.05222959
    0.07059876
    0.07720268
    0.05239910
    0.04529467
    0.04587908
    0.04608407
    0.05356395
    0.05367523
   -0.01918908
    0.04605312
   -0.01945330
    0.04612263
    0.08918388
    0.08879595
   -0.14482194
   -0.19797861
   -0.14576326
   -0.19807978
    0.05349404
   -0.05002636
   -0.04584302
   -0.05491929
    0.05351678
    0.02331118
    0.07062955
    0.05296969
    0.07718575
    0.02724733
    0.02724354
   -0.11386221
    0.04222193
    0.04015918
    0.04748959
   -0.10984275
    0.04143826
    0.04903798
    0.03515950
   -0.11082850
    0.04285063
    0.03703573
    0.04917528
   -0.11075083
    0.04923074
    0.04277824
    0.03702377
   -0.11386920
    0.04746823
    0.04231052
    0.04009742
   -0.10993039
    0.04894600
    0.03513760
    0.04156030
    0.02500008
    0.02499279
   -0.10837586
   -0.10527737
   -0.10614043
    0.03246937
    0.04216045
    0.03854788
    0.03569460
    0.04080673
    0.03770856
    0.03055558
    0.03726442
    0.04203865
   -0.10842303
   -0.10613504
   -0.10529964
    0.03055057
    0.04204600
    0.03725847
    0.03256105
    0.03847965
    0.04216615
    0.03776773
    0.04082757
    0.03571713
