    0.12123025
    0.04595687
   -0.16094114
    0.32804076
   -0.50996775
   -0.14535179
    0.12066615
    0.04369040
   -0.15246350
    0.32877806
   -0.51496697
   -0.15469399
   -0.04259369
    0.06393181
    0.07571132
    0.07916789
    0.04454622
    0.06619220
   -0.11466618
    0.06245171
    0.04474232
    0.06468839
    0.00372999
   -0.03448431
    0.00179093
   -0.02807165
    0.02357590
   -0.03119234
    0.04091948
   -0.02977433
    0.04633686
   -0.03105739
    0.05702338
    0.07209733
    0.10174680
    0.10174550
    0.12144383
    0.04541335
   -0.16027047
    0.32808492
   -0.51061896
   -0.14527467
    0.12086079
    0.04365854
   -0.15256268
    0.32875062
   -0.51481151
   -0.15527206
   -0.04269603
    0.07625315
    0.07938476
    0.06346927
    0.04461809
    0.06653507
   -0.11469738
    0.04456006
    0.06247657
    0.06458326
    0.00425041
   -0.03425824
    0.00137095
   -0.02800703
    0.02395044
   -0.03133085
    0.04093231
   -0.02979106
    0.04632450
   -0.03152413
    0.05675513
    0.07811886
    0.09655269
    0.09660109
    0.12143474
    0.04544377
   -0.16031827
    0.32808561
   -0.51052234
   -0.14527957
    0.12065972
    0.04387739
   -0.15239765
    0.32874464
   -0.51487312
   -0.15522388
   -0.04263936
    0.06371087
    0.07585411
    0.07934430
    0.04463689
    0.06650686
   -0.11470298
    0.04457193
    0.06259386
    0.06456284
    0.00433020
   -0.03436125
    0.00116108
   -0.02817122
    0.02386330
   -0.03138590
    0.04103774
   -0.02978135
    0.04640671
   -0.03153492
    0.05683627
    0.07201795
    0.10178065
    0.10178099
    0.12143397
    0.04544526
   -0.16031566
    0.32808547
   -0.51052274
   -0.14528352
    0.12066025
    0.04387713
   -0.15239363
    0.32874416
   -0.51487356
   -0.15522336
   -0.04263877
    0.07584904
    0.07934579
    0.06371315
    0.04463707
    0.06650658
   -0.11470279
    0.04457275
    0.06259464
    0.06456150
    0.00433089
   -0.03436149
    0.00116075
   -0.02817173
    0.02386487
   -0.03138622
    0.04103742
   -0.02978119
    0.04640599
   -0.03153485
    0.05683637
    0.07811835
    0.09660097
    0.09655389
    0.12144426
    0.04541197
   -0.16027062
    0.32808520
   -0.51061831
   -0.14527523
    0.12086036
    0.04365814
   -0.15256094
    0.32875058
   -0.51481122
   -0.15527234
   -0.04269573
    0.06347035
    0.07625082
    0.07938434
    0.04461737
    0.06653639
   -0.11469736
    0.04456017
    0.06247703
    0.06458283
    0.00425070
   -0.03425834
    0.00137143
   -0.02800726
    0.02394871
   -0.03133127
    0.04093236
   -0.02979175
    0.04632588
   -0.03152481
    0.05675542
    0.07209707
    0.10174599
    0.10174666
    0.12122880
    0.04595867
   -0.16094301
    0.32804065
   -0.50996606
   -0.14535144
    0.12066484
    0.04369213
   -0.15246219
    0.32877774
   -0.51496686
   -0.15469265
   -0.04259368
    0.07570983
    0.07916758
    0.06393323
    0.04454622
    0.06618980
   -0.11466625
    0.04474377
    0.06245180
    0.06468899
    0.00373056
   -0.03448334
    0.00178896
   -0.02806965
    0.02357447
   -0.03118958
    0.04091867
   -0.02977188
    0.04632979
   -0.03105483
    0.05702306
    0.07824418
    0.09645006
    0.09645020
   -0.91640790
