   -0.16606692
    0.00430975
    0.04936157
    0.01995093
    0.00841866
    0.03538702
    0.07185058
   -0.16181510
    0.20682409
    0.21132640
   -0.61205091
   -0.16792726
    0.20579070
    0.00862407
    0.07217135
    0.04100723
   -0.06277217
    0.04413662
    0.05230211
   -0.05990244
    0.05554831
    0.05232528
    0.00297454
    0.04549794
    0.03582924
    0.00123924
    0.04700021
    0.06837874
   -0.17201605
    0.18626870
    0.20987125
   -0.55506270
   -0.16755690
    0.19171844
   -0.00310345
    0.08344374
    0.06204641
   -0.06619795
    0.05837789
    0.04190967
   -0.06387964
    0.06478947
    0.05055363
    0.00301109
    0.04394654
    0.01961293
    0.00847965
    0.07065346
    0.04466645
   -0.16699659
    0.20721563
    0.21193383
   -0.60630920
   -0.17393300
    0.20800158
    0.01299427
    0.03746065
    0.06859883
   -0.06374281
    0.05223975
    0.04146391
   -0.06955229
    0.05321876
    0.06656143
    0.03762812
    0.08572137
    0.20972319
   -0.29913687
    0.00957419
    0.12712298
   -0.20469971
   -0.13761975
    0.08705908
    0.08742653
    0.08851091
    0.27063594
   -0.16555123
    0.21512029
   -0.48287966
    0.03738845
    0.08574103
    0.21050589
   -0.29758217
    0.01016278
    0.12725197
   -0.20206756
   -0.13874895
    0.08803870
    0.08939440
    0.08679414
    0.26987570
   -0.16193818
    0.21522206
   -0.48356653
    0.03715030
    0.09026617
    0.21055887
   -0.29936697
    0.00948334
    0.12603338
   -0.20470326
   -0.13788940
    0.08707517
    0.08617041
    0.08802918
    0.26921629
   -0.16030437
    0.21458200
   -0.48629021
   -0.89552516
