    0.10994053
    0.04715366
   -0.16209127
    0.32600927
   -0.50047988
   -0.14118646
    0.10721654
    0.05264852
   -0.15049639
    0.32644523
   -0.51251383
   -0.15549666
   -0.04928930
    0.06829490
    0.07789094
    0.08618333
    0.03885567
    0.06699841
   -0.11724788
    0.06202167
    0.04834801
    0.07098244
   -0.00182274
   -0.04067292
    0.01456742
   -0.03287769
    0.02749722
   -0.03271617
    0.04399805
   -0.03192690
    0.04697184
   -0.03318844
    0.06000297
    0.06680408
    0.10436408
    0.10896194
    0.10696879
    0.05637681
   -0.16067139
    0.32628114
   -0.50009126
   -0.14100516
    0.10563737
    0.05534632
   -0.15159382
    0.32295193
   -0.52007917
   -0.15402565
   -0.04909135
    0.07321438
    0.08926119
    0.06866620
    0.03985768
    0.06435291
   -0.11737824
    0.04929602
    0.06153617
    0.07175557
   -0.00316327
   -0.04235111
    0.02361694
   -0.03268597
    0.03075573
   -0.03271804
    0.04281428
   -0.03226505
    0.04546658
   -0.03444386
    0.05721359
    0.07308063
    0.10278238
    0.10088859
    0.10780132
    0.05331493
   -0.15950275
    0.32559338
   -0.50128146
   -0.14285969
    0.10835539
    0.04793970
   -0.15281372
    0.32637315
   -0.51372230
   -0.15248479
   -0.04835696
    0.06754021
    0.07745418
    0.08606388
    0.03982910
    0.06623654
   -0.11783490
    0.04812559
    0.06330839
    0.06964410
   -0.00060977
   -0.04018123
    0.01376260
   -0.03225457
    0.02812093
   -0.03290856
    0.04356455
   -0.03206357
    0.04681664
   -0.03198302
    0.05964229
    0.06625452
    0.10659914
    0.10659118
    0.10773116
    0.05326691
   -0.15967073
    0.32564022
   -0.50113110
   -0.14281804
    0.10823676
    0.04794603
   -0.15261540
    0.32637016
   -0.51367335
   -0.15228719
   -0.04839982
    0.07723552
    0.08625005
    0.06760653
    0.03976204
    0.06633800
   -0.11785251
    0.04830708
    0.06326255
    0.06978713
   -0.00068008
   -0.04027070
    0.01378080
   -0.03240638
    0.02802825
   -0.03298020
    0.04364104
   -0.03208805
    0.04685773
   -0.03205510
    0.05964117
    0.07308983
    0.10090790
    0.10283561
    0.10708545
    0.05599063
   -0.16187903
    0.32649530
   -0.49926358
   -0.14066287
    0.10607416
    0.05445563
   -0.15187516
    0.32293532
   -0.51985857
   -0.15397861
   -0.04911600
    0.06899042
    0.07409264
    0.08855466
    0.04006050
    0.06411182
   -0.11741204
    0.04969105
    0.06147604
    0.07196851
   -0.00340049
   -0.04263951
    0.02393983
   -0.03272243
    0.03016233
   -0.03266725
    0.04282493
   -0.03222020
    0.04554905
   -0.03460393
    0.05714168
    0.06672452
    0.10869926
    0.10476182
    0.10977011
    0.04747936
   -0.16273185
    0.32619373
   -0.50013103
   -0.14043179
    0.10713926
    0.05247414
   -0.15064313
    0.32651022
   -0.51270544
   -0.15507380
   -0.04931471
    0.07780490
    0.08643085
    0.06845510
    0.03887330
    0.06670249
   -0.11712461
    0.04891961
    0.06146187
    0.07142730
   -0.00247096
   -0.04162555
    0.01820105
   -0.03319080
    0.02745677
   -0.03281758
    0.04360691
   -0.03200289
    0.04656107
   -0.03398467
    0.05929183
    0.07322263
    0.10185862
    0.10162173
    1.16944359
   -0.35795343
   -0.36070836
   -0.36106612
   -0.36106969
   -0.35884673
   -0.36087551
