   -0.50837716
   -0.50447070
   -0.50463478
   -0.50518715
   -0.51100072
   -0.50670811
   -0.15476213
   -0.14583986
   -0.15289058
   -0.14475067
   -0.14909276
   -0.14900039
   -0.14854629
   -0.14407367
   -0.14908471
   -0.14970414
   -0.14315020
   -0.14394482
    0.32655203
    0.32540658
    0.11311996
    0.05062990
    0.11135338
    0.05337237
    0.32631435
    0.32201792
    0.11087343
    0.05410589
    0.11149377
    0.05275029
    0.32736005
    0.32165575
    0.10973455
    0.05759613
    0.11115364
    0.05525733
   -0.01042743
    0.07669710
    0.07429788
    0.07435289
    0.06459467
    0.10922315
    0.10678054
    0.06363206
    0.10409521
    0.10964920
    0.06724837
    0.10212442
    0.10642611
   -0.01911227
    0.08182007
    0.05974784
    0.09642551
   -0.01260756
    0.07588094
    0.07623144
    0.06662526
   -0.00703070
    0.07767425
    0.08498347
    0.08675305
   -0.00980877
    0.07719631
    0.09041392
    0.08565522
   -0.00830858
    0.08748122
    0.08757100
    0.07818357
   -0.50973613
   -0.49699691
   -0.50698370
   -0.50449155
   -0.50617926
   -0.50776227
   -0.14992163
   -0.14818273
   -0.15391005
   -0.14026748
   -0.14914389
   -0.14950126
   -0.14689576
   -0.14463292
   -0.15507658
   -0.14979910
   -0.15198506
   -0.14721186
    0.32754392
    0.32548115
    0.11314511
    0.05198090
    0.11087445
    0.05057375
    0.32614803
    0.32197655
    0.11007760
    0.05650780
    0.11228709
    0.05044122
    0.32742503
    0.32572338
    0.11264046
    0.05203871
    0.11439132
    0.04858705
   -0.01107335
    0.07268630
    0.06973449
    0.07510015
    0.06488925
    0.10817471
    0.10791261
    0.06468467
    0.10401502
    0.10695373
    0.06847685
    0.10076666
    0.10636344
   -0.01244338
    0.08579579
    0.07344279
    0.09759958
   -0.01311021
    0.07769367
    0.07661565
    0.06691089
   -0.00731260
    0.07776616
    0.08629987
    0.08593547
   -0.01126971
    0.07482921
    0.08210679
    0.07215031
   -0.01637020
    0.09323967
    0.07967457
    0.06259999
    0.05005384
    0.03283719
   -0.33718955
    0.07271736
    0.05009923
    0.04745865
    0.07395103
    0.04975309
   -0.34367304
    0.04811214
    0.07359787
    0.04668145
    0.07604947
    0.04594769
    0.04432513
    0.04392378
   -0.34946740
    0.02123393
    0.04703719
    0.04701396
    0.08270610
    0.04842708
   -0.33805539
    0.03157415
    0.07405018
    0.04882879
    0.07953857
    0.04697168
    0.04440512
    0.04310748
   -0.34557410
    0.07020254
    0.04186273
    0.05769809
    0.07761551
    0.04195343
   -0.34741723
    0.04217243
    0.02091553
    0.04681211
    0.08264121
    0.04663086
   -0.33182180
    0.08386452
    0.03904884
    0.06969737
    0.04546350
    0.04966588
    0.07430319
    0.05368555
   -0.34711931
    0.04668994
    0.07574013
    0.04986690
    0.07903485
    0.04222907
    0.04490717
    0.03633892
   -0.34709600
    0.02610626
    0.04928369
    0.04212847
    0.08372887
    0.04851854
   -0.33798224
    0.03308003
    0.07343631
    0.04894243
    0.07954150
    0.04833866
    0.04365275
    0.04359801
   -0.34527458
    0.06984184
    0.04166554
    0.05828463
    0.07733473
    0.04184294
   -0.34739950
    0.04271621
    0.02083096
    0.04661983
    0.08236176
    0.04689722
    0.07665506
    0.03427908
   -0.33373773
    0.07045458
    0.04511494
    0.05184358
    0.07887374
    0.04528345
   -0.34529977
    0.04680926
    0.07520913
    0.05034783
    0.07814436
    0.04304673
    0.04571727
    0.03796397
   -0.34715017
    0.02553997
    0.04943618
    0.04259294
    0.08361668
    0.09336303
    0.04537961
   -0.33621067
    0.07886362
    0.04973226
    0.02704717
    0.07341034
    0.05034069
   -0.35002586
    0.04884686
    0.07485026
    0.05164036
    0.07468142
    0.04073034
    0.04406401
    0.04321198
   -0.34721095
    0.02448671
    0.04803614
    0.03785684
    0.08537991
   -0.33848595
    0.04861599
    0.03366517
    0.07372496
    0.04892547
    0.04822473
    0.07949534
    0.04368772
   -0.34538534
    0.04337101
    0.06985607
    0.04175829
    0.07745684
    0.05822410
    0.04197041
    0.04249518
   -0.34764572
    0.02082086
    0.04683898
    0.04684614
    0.08243015
    0.08364734
   -0.33209380
    0.04031911
    0.06860184
    0.04537196
    0.07330760
    0.05115004
    0.05228529
    0.04829206
   -0.34719920
    0.07312324
    0.04916317
    0.04682421
    0.07631560
    0.04272921
   -0.34715567
    0.04033937
    0.02109949
    0.04681337
    0.08459140
    0.04469262
    0.04473099
    0.09050395
   -0.33602643
    0.08011605
    0.02651265
    0.04980465
    0.07517668
    0.04651682
   -0.34967108
    0.05073317
    0.07861309
    0.03622904
    0.07514421
    0.04979296
    0.04292936
    0.04734244
   -0.34934828
    0.02147476
    0.04481397
    0.05194208
    0.08192932
   -0.33300918
    0.05936741
    0.04794765
    0.07142177
    0.04472935
    0.05133155
    0.07374494
    0.05372280
   -0.34899628
    0.04785958
    0.07471451
    0.04699850
    0.07647661
    0.04761014
    0.04173988
    0.04209526
   -0.34763042
    0.02129281
    0.04613624
    0.04581072
    0.08404201
   -0.33298164
    0.03715406
    0.07997977
    0.07036709
    0.04964158
    0.04518737
    0.07456173
    0.04616044
   -0.34652764
    0.05339285
    0.07559708
    0.04229762
    0.07870903
    0.04954097
    0.03743179
    0.04531810
   -0.34756194
    0.02575900
    0.04272585
    0.04950517
    0.08372044
   -0.33976240
    0.03763135
    0.05616447
    0.07475036
    0.04266191
    0.04949992
    0.07735439
    0.04262270
   -0.34333024
    0.04746932
    0.07439612
    0.04391925
    0.07622716
    0.04667747
    0.04325502
    0.04550364
   -0.34955612
    0.02082868
    0.04708448
    0.04795055
    0.08342441
   -0.92386669
