   -0.96793113
   -0.04433789
   -0.05563908
   -0.04448934
    0.00088877
   -0.03860485
    0.01249664
   -0.04317071
    0.00085732
    0.05316028
   -0.04618811
    0.02328713
   -0.05039200
    0.05314889
    0.00086764
   -0.04318428
    0.01248072
   -0.03862326
    0.00081802
   -0.14347621
   -0.19569732
    0.05299654
   -0.01851989
    0.08860309
   -0.19589158
   -0.14456529
    0.08882252
   -0.01835409
    0.05313527
    0.02631006
    0.05487274
    0.02651240
    0.04661322
    0.05362659
    0.07211607
    0.07879838
    0.05382025
    0.04662385
    0.04815769
    0.04831423
    0.05332759
    0.05340818
   -0.01823094
    0.04833312
   -0.01844746
    0.04828794
    0.08903806
    0.08871888
   -0.14348538
   -0.19656280
   -0.14456332
   -0.19671793
    0.05315918
   -0.05034961
   -0.04615989
   -0.05568874
    0.05314691
    0.02331770
    0.07217943
    0.05499815
    0.07876872
    0.02723886
    0.02722315
   -0.11429056
    0.04229265
    0.04056538
    0.04798564
   -0.11028816
    0.04179248
    0.04952476
    0.03537672
   -0.11111980
    0.04294506
    0.03707000
    0.04961735
   -0.11106323
    0.04963572
    0.04287715
    0.03709825
   -0.11429034
    0.04796342
    0.04234353
    0.04050987
   -0.11034528
    0.04944223
    0.03533080
    0.04187744
    0.02500369
    0.02498828
   -0.10879028
   -0.10569561
   -0.10645421
    0.03262252
    0.04262321
    0.03866766
    0.03604910
    0.04132307
    0.03780312
    0.03073542
    0.03755433
    0.04254744
   -0.10882923
   -0.10640479
   -0.10574830
    0.03079392
    0.04252011
    0.03760166
    0.03260999
    0.03854216
    0.04262997
    0.03780356
    0.04132698
    0.03612209
