   -0.50841209
   -0.50557289
   -0.51784457
   -0.51588365
   -0.50963271
   -0.50891183
   -0.15641918
   -0.14858783
   -0.15481712
   -0.15032798
   -0.15256461
   -0.15483110
   -0.14859183
   -0.14327285
   -0.15621707
   -0.14878056
   -0.15326523
   -0.15125705
    0.33071234
    0.32916440
    0.12137962
    0.03825506
    0.12240511
    0.03665160
    0.32722743
    0.32727940
    0.10874709
    0.05897164
    0.10964688
    0.06191317
    0.33301296
    0.32810467
    0.12083922
    0.04013953
    0.12055078
    0.04055112
   -0.00267342
    0.08032778
    0.08204378
    0.00494817
   -0.04085928
    0.01087998
   -0.03046720
    0.02099834
   -0.02888105
    0.04449555
   -0.02846632
    0.05140976
   -0.03660898
    0.05077958
    0.00233679
    0.06332642
    0.07800475
    0.00504269
   -0.04058096
    0.04237958
   -0.03183822
    0.04402543
   -0.03402253
    0.04538581
   -0.03108917
    0.04307390
   -0.03438239
    0.03314948
    0.00210763
    0.06270577
    0.07778675
    0.00386342
   -0.03451584
    0.03720107
   -0.03113572
    0.04214436
   -0.03345598
    0.04428803
   -0.03194972
    0.04305642
   -0.04191286
    0.04445529
   -0.00074787
    0.08010992
    0.07053292
    0.00475811
   -0.03372732
    0.03352134
   -0.03124476
    0.04186404
   -0.03424266
    0.04348069
   -0.03211569
    0.04302902
   -0.04137458
    0.04264313
   -0.00315080
    0.08373727
    0.07501212
    0.00776566
   -0.03532259
    0.04817487
   -0.02958897
    0.04978587
   -0.03190552
    0.04377721
   -0.02941752
    0.02584694
   -0.03604728
    0.00460587
    0.00059481
    0.06743872
    0.07875990
    0.00500791
   -0.04056758
    0.04019656
   -0.03234022
    0.04387222
   -0.03410897
    0.04433141
   -0.03084662
    0.04230701
   -0.03410687
    0.03479746
    0.07130773
    0.10488377
    0.09621381
    0.06852272
    0.10257427
    0.09848771
    0.07261165
    0.10443169
    0.09445576
   -0.52357390
   -0.50618187
   -0.50941402
   -0.50964558
   -0.51456933
   -0.51147222
   -0.15439193
   -0.14741221
   -0.15403647
   -0.14831015
   -0.14770619
   -0.15418275
   -0.14991449
   -0.14847427
   -0.15921009
   -0.15135380
   -0.14551365
   -0.14743268
    0.32669505
    0.32748194
    0.10810160
    0.06425460
    0.11025118
    0.05681534
    0.32949821
    0.32848902
    0.11749039
    0.04448994
    0.12020224
    0.03458999
    0.32610622
    0.32639464
    0.10811911
    0.05905158
    0.10757599
    0.06189978
   -0.00220845
    0.07412842
    0.07928194
    0.00430713
   -0.03640626
    0.01682955
   -0.02939349
    0.02294564
   -0.03010713
    0.04377645
   -0.02842069
    0.04859730
   -0.03192470
    0.05316911
    0.00078288
    0.06117098
    0.07954641
    0.00513372
   -0.04130960
    0.04241826
   -0.03200084
    0.04300222
   -0.03390686
    0.04445140
   -0.03111362
    0.04261899
   -0.03463429
    0.03691047
    0.00321522
    0.06327165
    0.07507388
    0.00406978
   -0.03506670
    0.04082391
   -0.03093008
    0.04284538
   -0.03331925
    0.04453022
   -0.03213790
    0.04258061
   -0.04137624
    0.04184036
    0.00063001
    0.08024768
    0.06488200
    0.00522025
   -0.03384207
    0.03158488
   -0.03125070
    0.04230329
   -0.03444094
    0.04409254
   -0.03191745
    0.04394465
   -0.04063276
    0.04483149
   -0.00406251
    0.08536777
    0.08328814
    0.00850296
   -0.03763403
    0.05013322
   -0.02905362
    0.05166002
   -0.03243685
    0.04336093
   -0.03424908
    0.02080439
   -0.03779165
    0.00278307
    0.00049997
    0.06447049
    0.07959726
    0.00489319
   -0.04149024
    0.04364325
   -0.03226159
    0.04363024
   -0.03407538
    0.04369377
   -0.03104561
    0.04164731
   -0.03430588
    0.03480411
    0.07366903
    0.10015695
    0.09597390
    0.06800759
    0.09983948
    0.10183267
    0.07217979
    0.10412909
    0.09587978
   -0.52023405
   -0.51351627
    1.11094601
   -0.51730910
   -0.51568141
