   -0.49397133
   -0.47977574
   -0.48935559
   -0.48353251
   -0.49316418
   -0.48470517
   -0.15078772
   -0.14359495
   -0.14738970
   -0.14370620
   -0.14658282
   -0.14624441
   -0.14652533
   -0.14174661
   -0.14702082
   -0.14593473
   -0.14190940
   -0.14143953
    0.32566970
    0.32183155
    0.11717272
    0.05014893
    0.11592972
    0.04998943
    0.32432406
    0.31782497
    0.11486989
    0.05483758
    0.11510727
    0.05251276
    0.32564645
    0.31753030
    0.11386839
    0.05528815
    0.11458915
    0.05472432
   -0.00859851
    0.07114180
    0.07422049
    0.07198902
    0.06793710
    0.09824300
    0.09758173
    0.06836107
    0.09354269
    0.09558325
    0.07009386
    0.09354737
    0.09420374
   -0.01539822
    0.07410987
    0.06768354
    0.08570721
   -0.00894065
    0.06678723
    0.07264497
    0.07087475
   -0.00480669
    0.08110493
    0.08466763
    0.07943996
   -0.00568897
    0.08053762
    0.08685369
    0.07545918
   -0.00560490
    0.07890139
    0.08664113
    0.08146471
   -0.49414935
   -0.47458513
   -0.49179479
   -0.48365754
   -0.48955394
   -0.48402244
   -0.14597854
   -0.14399759
   -0.14814721
   -0.13660373
   -0.14639302
   -0.14604250
   -0.14523343
   -0.14220986
   -0.15075723
   -0.14685558
   -0.14689410
   -0.14337267
    0.32601236
    0.32115441
    0.11659492
    0.05120527
    0.11428263
    0.04965837
    0.32416924
    0.31763298
    0.11414221
    0.05706619
    0.11549465
    0.05052354
    0.32600590
    0.32240951
    0.11632511
    0.05134460
    0.11772221
    0.04609973
   -0.00918120
    0.06436762
    0.07287422
    0.07407422
    0.06803449
    0.09758503
    0.09807086
    0.06875752
    0.09305667
    0.09337458
    0.07105332
    0.09181989
    0.09635151
   -0.00918599
    0.07867306
    0.07850320
    0.09182908
   -0.00979359
    0.06813376
    0.07460954
    0.07109155
   -0.00511046
    0.08114555
    0.08551657
    0.07878707
   -0.00879209
    0.07487135
    0.07787454
    0.06334151
   -0.01307152
    0.08521990
    0.07242618
    0.06868792
    0.04574015
    0.02449914
   -0.31914761
    0.07775511
    0.04226727
    0.03968189
    0.07804067
    0.04243544
   -0.32500756
    0.04164327
    0.07734519
    0.04032212
    0.07864556
    0.03976016
    0.03886571
    0.03860167
   -0.32605979
    0.02995519
    0.03949139
    0.03932290
    0.07223429
    0.04213937
   -0.31937290
    0.02366172
    0.07885471
    0.04006798
    0.08166332
    0.03945296
    0.03724637
    0.04097500
   -0.32675967
    0.07303153
    0.03682029
    0.05408046
    0.07998134
    0.03664809
   -0.32521229
    0.03663719
    0.03022683
    0.03863513
    0.07177483
    0.03853737
   -0.31565790
    0.07742228
    0.02840884
    0.07159719
    0.03661577
    0.05195603
    0.07832671
    0.04308166
   -0.32603327
    0.04166101
    0.07929269
    0.04063022
    0.08150045
    0.03729092
    0.03787263
    0.03392890
   -0.32610557
    0.03297066
    0.03965859
    0.03643779
    0.07503682
    0.04199025
   -0.31888004
    0.02443101
    0.07842614
    0.04019683
    0.08152350
    0.04018255
    0.03724392
    0.04133071
   -0.32653837
    0.07341696
    0.03690359
    0.05339231
    0.07975507
    0.03666532
   -0.32515913
    0.03706833
    0.03020828
    0.03841981
    0.07161746
    0.03871479
    0.07503477
    0.02627658
   -0.31769331
    0.07224379
    0.03701497
    0.05259188
    0.08068053
    0.03832179
   -0.32510071
    0.04172323
    0.07897931
    0.04062766
    0.08086728
    0.03779659
    0.03804951
    0.03520937
   -0.32635051
    0.03248826
    0.03976750
    0.03674021
    0.07461857
    0.07510730
    0.03601783
   -0.31704239
    0.08065382
    0.04019772
    0.03206488
    0.07558276
    0.03855774
   -0.33030503
    0.05129254
    0.07922347
    0.04094854
    0.07596086
    0.03601891
    0.03773335
    0.04340732
   -0.32547500
    0.03239535
    0.03837323
    0.03532286
    0.07161983
   -0.31947387
    0.04212247
    0.02454917
    0.07868334
    0.04040248
    0.03984190
    0.08170141
    0.03706265
   -0.32657968
    0.04097528
    0.07335227
    0.03672649
    0.07989912
    0.05358533
    0.03661354
    0.03697149
   -0.32520513
    0.03020309
    0.03856731
    0.03871615
    0.07171405
    0.07778692
   -0.31584316
    0.02930951
    0.07060003
    0.03759603
    0.07795502
    0.05271253
    0.04271973
    0.04091462
   -0.32638595
    0.07733034
    0.04135966
    0.03968320
    0.07878555
    0.03801507
   -0.32469922
    0.03637941
    0.03008711
    0.03900170
    0.07289727
    0.03810466
    0.03582150
    0.07428430
   -0.31626360
    0.08247331
    0.02942686
    0.04013475
    0.07746561
    0.04764071
   -0.32991604
    0.03986777
    0.08205825
    0.03270181
    0.07772648
    0.04023463
    0.04116142
    0.03944004
   -0.32752005
    0.03084274
    0.03773785
    0.04127540
    0.07107506
   -0.31652272
    0.05340673
    0.04882867
    0.07518166
    0.04066123
    0.04359554
    0.07678405
    0.04762832
   -0.32915166
    0.04056086
    0.07828729
    0.04132908
    0.07904746
    0.03993729
    0.03663591
    0.03689606
   -0.32483581
    0.03032871
    0.03854298
    0.03818075
    0.07264188
   -0.31634615
    0.02755367
    0.07525819
    0.07213155
    0.05234113
    0.03590705
    0.07845945
    0.04135779
   -0.32576972
    0.04252377
    0.07909516
    0.03752506
    0.08123633
    0.04038961
    0.03429533
    0.03791427
   -0.32633320
    0.03241872
    0.03675692
    0.03994207
    0.07511480
   -0.31687005
    0.02983434
    0.04113888
    0.07919862
    0.03661983
    0.03991780
    0.08002211
    0.04000525
   -0.32510203
    0.04091685
    0.07806866
    0.03866828
    0.07903771
    0.03987911
    0.03783364
    0.03902804
   -0.32586074
    0.03000989
    0.03916740
    0.03963137
    0.07251748
   -0.97298753
