   -0.49630903
   -0.48713848
   -0.49123765
   -0.48690579
   -0.50534641
   -0.49311025
   -0.16476352
   -0.15261999
   -0.16537748
   -0.14485553
   -0.15397670
   -0.14969526
   -0.15165724
   -0.14381058
   -0.14768018
   -0.15661570
   -0.13905911
   -0.14856581
    0.32655564
    0.32708197
    0.12343837
    0.04001476
    0.12128495
    0.03914351
    0.32457449
    0.32066323
    0.11804527
    0.04264045
    0.11732423
    0.04342860
    0.32635056
    0.32178611
    0.11884727
    0.04097086
    0.11908558
    0.04387482
    0.00314130
    0.04966782
    0.07491768
    0.06236287
    0.06249249
    0.12265983
    0.10428567
    0.06605506
    0.10586762
    0.11139850
    0.08103711
    0.09519162
    0.09730796
   -0.01833113
    0.08661716
    0.06151523
    0.09776680
   -0.00386537
    0.07035298
    0.06145534
    0.06725570
   -0.00564382
    0.07763329
    0.08504542
    0.08815437
   -0.00712089
    0.07170917
    0.08870695
    0.07722972
   -0.00416626
    0.08648628
    0.08420098
    0.08027390
   -0.50413379
   -0.48160340
   -0.49606220
   -0.48921856
   -0.50886638
   -0.49142924
   -0.15565680
   -0.15066124
   -0.15580440
   -0.14229434
   -0.15323824
   -0.15175388
   -0.15008377
   -0.14865692
   -0.14691190
   -0.16090063
   -0.14120554
   -0.15553772
    0.32728372
    0.32353542
    0.12170565
    0.03996627
    0.11711476
    0.04445945
    0.32535000
    0.31969805
    0.11830458
    0.04497688
    0.11964763
    0.03801197
    0.32927190
    0.32780490
    0.11868254
    0.04287728
    0.12255470
    0.03619559
   -0.00835099
    0.06983905
    0.07118176
    0.07346069
    0.06570044
    0.12302975
    0.09645697
    0.06764108
    0.10396065
    0.10679889
    0.07243328
    0.10126137
    0.10560981
   -0.01181707
    0.08644477
    0.07486276
    0.09717195
   -0.01009176
    0.07377892
    0.07517703
    0.06852032
   -0.00895670
    0.06946387
    0.07405886
    0.07783013
   -0.00441162
    0.07131677
    0.08375585
    0.07147354
   -0.00515992
    0.09221064
    0.05240338
    0.06372992
    0.05761844
    0.05584360
   -0.34368225
    0.07411221
    0.05269314
    0.04797894
    0.08061643
    0.03791612
   -0.33714593
    0.03771160
    0.07821960
    0.04660142
    0.07809839
    0.03608422
    0.04475376
    0.04574504
   -0.34246652
    0.02656614
    0.04729543
    0.04843309
    0.07566930
    0.04582327
   -0.33459635
    0.02942795
    0.07635803
    0.04634453
    0.08047417
    0.04468123
    0.04242372
    0.04278092
   -0.34091654
    0.07100444
    0.04032246
    0.05800246
    0.07863087
    0.04005880
   -0.33986713
    0.04102766
    0.02630254
    0.04398878
    0.07685770
    0.04372683
   -0.32762096
    0.08299678
    0.03682133
    0.07022307
    0.04377072
    0.04970637
    0.07629013
    0.05049445
   -0.34235789
    0.04510683
    0.07725822
    0.04690911
    0.07974031
    0.04075359
    0.04319481
    0.03606430
   -0.34144842
    0.02885426
    0.04609355
    0.04078741
    0.08079908
    0.08061944
   -0.32426546
    0.03455716
    0.07838110
    0.03758173
    0.07225046
    0.03617559
    0.04965692
    0.06233118
   -0.34880182
    0.07746996
    0.04689084
    0.04647320
    0.07903861
    0.03745152
   -0.34009306
    0.04424666
    0.02713742
    0.04272587
    0.07763585
    0.04397999
    0.08120749
    0.04149085
   -0.33331255
    0.07232359
    0.03029386
    0.03791779
    0.06800621
    0.05223610
   -0.33139964
    0.07812033
    0.06663050
    0.05312789
    0.07620614
    0.07542434
    0.01478948
    0.04013630
   -0.34010612
    0.03170132
    0.03277393
    0.04109436
    0.08030661
    0.09028372
    0.04486372
   -0.33167037
    0.08306711
    0.04525258
    0.01942631
    0.07632058
    0.05337421
   -0.35155857
    0.04471720
    0.07729257
    0.05086414
    0.08455334
    0.04101205
    0.04464698
    0.02322515
   -0.34156392
    0.02272657
    0.04690002
    0.05082199
    0.07841912
   -0.33497803
    0.04773072
    0.03325115
    0.07783969
    0.04746916
    0.03859517
    0.07942643
    0.04509160
   -0.34428191
    0.04369103
    0.07375727
    0.04200121
    0.07496674
    0.05150788
    0.03856360
    0.04999202
   -0.34009097
    0.02678260
    0.04216801
    0.04468924
    0.07598519
    0.08554898
   -0.32703047
    0.04064251
    0.06721091
    0.04890715
    0.07323161
    0.04964677
    0.05129228
    0.04925990
   -0.34253288
    0.07427720
    0.04904090
    0.04378961
    0.07291922
    0.04111489
   -0.33922993
    0.04783237
    0.02605576
    0.04331477
    0.07749557
    0.04298738
    0.04142259
    0.09559766
   -0.32659597
    0.07059175
    0.04181883
    0.05757291
    0.07285766
    0.04285704
   -0.35504428
    0.04649161
    0.08278746
    0.03196631
    0.07950226
    0.04934446
    0.03258414
    0.04275077
   -0.34124616
    0.02955939
    0.03659156
    0.05329421
    0.07556899
   -0.33982072
    0.05449399
    0.06253704
    0.07078666
    0.05068326
    0.07038677
    0.06821664
    0.03148186
   -0.34180472
    0.05171419
    0.07658824
    0.04151717
    0.07779982
    0.04550519
    0.04115094
    0.04157540
   -0.34042944
    0.02669033
    0.04373732
    0.04393691
    0.07712810
   -0.32861792
    0.03482206
    0.07983178
    0.07087906
    0.05035162
    0.04316953
    0.07669454
    0.04417387
   -0.34299777
    0.05085864
    0.07702561
    0.04080999
    0.08252735
    0.04724640
    0.03071448
    0.04155016
   -0.34278371
    0.02482283
    0.05365851
    0.04386826
    0.07689069
   -0.33498871
    0.03604294
    0.05274078
    0.07649567
    0.04043875
    0.04746961
    0.07853925
    0.04165006
   -0.33887813
    0.04605495
    0.07623654
    0.04244867
    0.07784351
    0.04447074
    0.04138854
    0.04289154
   -0.34035982
    0.02662875
    0.04391235
    0.04445381
    0.07729884
   -0.98395118
