    0.11167385
    0.04781729
   -0.15370019
    0.32701800
   -0.50663146
   -0.14112344
    0.11219005
    0.04837117
   -0.15299611
    0.32529605
   -0.51344744
   -0.15516759
   -0.04803416
    0.08144777
    0.08286383
    0.06428407
    0.04196313
    0.06213324
   -0.11249522
    0.04290885
    0.06028414
    0.06802641
    0.00067415
   -0.03581224
    0.04462730
   -0.03146160
    0.04031299
   -0.03351087
    0.04203663
   -0.03276039
    0.04055276
   -0.04279618
    0.04131337
    0.07062031
    0.10406700
    0.10383610
    0.11870295
    0.05675256
   -0.15768188
    0.32731888
   -0.51114814
   -0.14763917
    0.11690934
    0.04981278
   -0.15624907
    0.32720707
   -0.51594180
   -0.15573270
   -0.04551610
    0.07955096
    0.08000345
    0.06473251
    0.04415818
    0.05738433
   -0.11187937
    0.04252563
    0.06037931
    0.06881435
    0.00102560
   -0.03547857
    0.04170030
   -0.03203444
    0.03989578
   -0.03419548
    0.04197531
   -0.03269059
    0.04095908
   -0.04258509
    0.04321829
    0.07206344
    0.09805815
    0.09820531
    0.12159304
    0.04909673
   -0.15887158
    0.32748406
   -0.51156940
   -0.14950984
    0.11967961
    0.05269656
   -0.15575451
    0.32985934
   -0.51519879
   -0.15641451
   -0.04498996
    0.07860314
    0.08277175
    0.06245047
    0.04416973
    0.05748767
   -0.11193125
    0.04233157
    0.06078660
    0.06877412
    0.00085981
   -0.03539953
    0.04148174
   -0.03191432
    0.03973798
   -0.03412743
    0.04196771
   -0.03275761
    0.04116383
   -0.04275377
    0.04349899
    0.07268013
    0.10221917
    0.10234842
    0.11646991
    0.04667634
   -0.15755640
    0.32739186
   -0.51052956
   -0.14606133
    0.11570842
    0.05889965
   -0.15480374
    0.32668413
   -0.51602291
   -0.15655200
   -0.04530940
    0.07877486
    0.08334433
    0.06266315
    0.04289437
    0.06037628
   -0.11191386
    0.04168692
    0.06040678
    0.06800612
    0.00067722
   -0.03577438
    0.04423987
   -0.03162460
    0.04011647
   -0.03374439
    0.04216491
   -0.03289460
    0.04085589
   -0.04311796
    0.04248515
    0.06821922
    0.09970736
    0.09982559
    0.11174118
    0.04806406
   -0.15238815
    0.32686718
   -0.50670336
   -0.14052464
    0.10969524
    0.05004178
   -0.15352939
    0.32495068
   -0.51400807
   -0.15396794
   -0.04840326
    0.08132545
    0.08249944
    0.06539909
    0.04152246
    0.06205810
   -0.11260202
    0.04377769
    0.05984770
    0.06849243
    0.00100137
   -0.03593915
    0.04449158
   -0.03185885
    0.04027175
   -0.03371765
    0.04183797
   -0.03260893
    0.04002837
   -0.04278355
    0.04168394
    0.06847978
    0.10547842
    0.10520094
    0.11049025
    0.04872615
   -0.15217675
    0.32693396
   -0.50654671
   -0.14002981
    0.10933863
    0.05043246
   -0.15269378
    0.32422817
   -0.51444248
   -0.15415846
   -0.04857992
    0.08160736
    0.08185834
    0.06558171
    0.04086138
    0.06376539
   -0.11254805
    0.04329964
    0.05975543
    0.06798167
    0.00097487
   -0.03584242
    0.04452538
   -0.03163431
    0.04033809
   -0.03362668
    0.04185045
   -0.03267871
    0.04014872
   -0.04264937
    0.04059832
    0.06752401
    0.09999999
    0.10052886
   -0.99134559
