   -0.51223514
   -0.51077852
   -0.51223938
   -0.51063997
   -0.16383029
    0.00356029
    0.01600104
    0.05444645
    0.00805539
    0.06496761
    0.04003549
   -0.15784289
    0.22330427
    0.25782167
    0.06476331
   -0.22101791
   -0.03027821
    0.05261964
   -0.01195434
    0.04917598
   -0.02966518
    0.05672560
    0.06577519
    0.26093490
   -0.15539910
    0.22865037
   -0.00166645
    0.06079730
    0.07091189
    0.00130987
    0.03063989
    0.03748343
   -0.16384103
    0.00346112
    0.01618333
    0.05429094
    0.00789864
    0.06504222
    0.04016689
   -0.15750107
    0.22321191
    0.25787922
    0.06478356
   -0.22063097
   -0.03028974
    0.05250746
   -0.01197048
    0.04912168
   -0.02980285
    0.05664961
    0.06584151
    0.26097966
   -0.15555052
    0.22870376
   -0.00176644
    0.06104847
    0.07089956
    0.00136014
    0.03051381
    0.03721650
    0.00370155
    0.00412399
    0.05852112
    0.00363936
    0.00422317
    0.05872008
   -0.49304515
   -0.48663143
   -0.49297654
   -0.48641177
   -0.17382742
   -0.00286944
    0.02256717
    0.05507576
    0.00310822
    0.06715537
    0.05731288
   -0.15450494
    0.22136827
    0.25842836
    0.06449888
   -0.24211860
   -0.03083292
    0.06259233
   -0.01197591
    0.05613903
   -0.02575340
    0.06395256
    0.06535905
    0.26352106
   -0.14765564
    0.21194443
   -0.00168481
    0.05614769
    0.08681623
   -0.00201822
    0.02169930
    0.06286437
   -0.17381689
   -0.00279307
    0.02251212
    0.05512301
    0.00325181
    0.06701455
    0.05727839
   -0.15452006
    0.22150628
    0.25844006
    0.06455086
   -0.24203667
   -0.03079255
    0.06246939
   -0.01198783
    0.05617483
   -0.02579002
    0.06378516
    0.06538000
    0.26361287
   -0.14762477
    0.21198492
   -0.00156388
    0.05616392
    0.08649637
   -0.00205072
    0.02194745
    0.06275436
   -0.00009206
   -0.00002147
    0.07680641
    0.00003558
   -0.00003425
    0.07641049
   -0.84858769
