   -0.88533551
   -0.20379443
   -0.47295016
   -0.46925797
   -0.26410924
   -0.09452813
   -0.09028076
   -0.09693603
   -0.09131112
    0.02502817
   -0.08493716
    0.00675565
   -0.08402797
    0.00477809
    0.02145910
    0.02302453
    0.02690612
   -0.08489640
    0.00828467
   -0.08441080
    0.01104709
    0.02736202
    0.02096582
    0.02164763
   -0.08182394
    0.00536648
   -0.08304269
    0.00642434
    0.02404218
    0.02122527
    0.02524917
   -0.08663944
    0.00757454
   -0.08692505
    0.00744246
    0.02292810
    0.01888626
   -0.10672650
    0.04321308
    0.03567033
    0.03751873
   -0.08641069
    0.02621837
    0.01908432
    0.02714362
   -0.11363387
    0.04325565
    0.04122104
    0.04829751
   -0.10833741
    0.04077157
    0.03784084
    0.03891850
   -0.10308713
    0.03009348
    0.03068760
    0.04249352
   -0.11096071
    0.03947191
    0.03731805
    0.04542848
   -0.05486175
    0.03513335
    0.05259197
   -0.06271311
    0.06990334
    0.06410139
    0.08241970
    0.32659923
   -0.01377933
   -0.01997585
    0.05166315
   -0.01774102
    0.04999688
   -0.01673833
    0.35245962
    0.07787520
    0.05690724
    0.05076515
   -0.05876592
    0.04003757
    0.04811814
   -0.05784411
    0.05051700
    0.02790694
    0.17601232
    0.16583103
    0.16769654
    0.16900536
   -0.00276116
   -0.00125841
    0.05116313
    0.04843918
    0.06461441
