   -0.50235078
   -0.51534429
   -0.51397474
   -0.51958194
   -0.50626517
   -0.51295776
   -0.15035903
   -0.14193974
   -0.14167988
   -0.14593817
   -0.14678728
   -0.14675579
   -0.13999185
   -0.14600323
   -0.14483614
   -0.14555802
   -0.14647877
   -0.14384638
    0.33602311
    0.32580597
    0.11827850
    0.06311863
    0.11925990
    0.04913574
    0.32453735
    0.32547060
    0.11085406
    0.07019629
    0.10916292
    0.07010144
    0.33359678
    0.32709022
    0.11827591
    0.05702616
    0.12039231
    0.04699478
   -0.01190724
    0.09558134
    0.08704696
    0.02140225
   -0.03255907
    0.03395959
   -0.02418450
    0.03314441
   -0.02813864
    0.36789265
   -0.01417575
    0.06179912
   -0.02599118
    0.06664299
   -0.00406249
    0.07091080
    0.09681955
    0.02060047
   -0.03621919
    0.06850144
   -0.01861853
    0.06618723
   -0.03227063
    0.36006729
   -0.03176724
    0.07311301
   -0.03052299
    0.05097838
   -0.00467976
    0.08660260
    0.08985722
    0.02077018
   -0.03246582
    0.03470524
   -0.02014038
    0.05150453
   -0.03128951
    0.37029612
   -0.03157914
    0.07644507
   -0.03852919
    0.06926263
   -0.00478648
    0.08675859
    0.07361396
    0.01977499
   -0.02930254
    0.05368028
   -0.03190340
    0.06742663
   -0.03066214
    0.36576379
   -0.02044430
    0.06703011
   -0.03668439
    0.06872544
   -0.01334561
    0.09870437
    0.10268756
    0.02139505
   -0.03880806
    0.07596426
   -0.03167978
    0.07592865
   -0.03596985
    0.36220607
   -0.01874750
    0.04223997
   -0.02919861
    0.02615014
   -0.00848747
    0.08082659
    0.09275111
    0.01972638
   -0.03693010
    0.06903513
   -0.03280617
    0.07257114
   -0.03123081
    0.36539179
   -0.01916286
    0.06120727
   -0.02860091
    0.05076003
    0.06680949
    0.10293787
    0.10036166
    0.07038429
    0.09453325
    0.09533959
    0.06744808
    0.10326763
    0.09755534
   -0.50348995
   -0.52407787
   -0.49859895
   -0.51840111
   -0.51400876
   -0.51185580
   -0.15410785
   -0.13704599
   -0.13592451
   -0.13016676
   -0.14508832
   -0.13679247
   -0.13203266
   -0.12667719
   -0.14335805
   -0.14351895
   -0.14858020
   -0.13990493
    0.32469326
    0.32321245
    0.09878107
    0.08431508
    0.10349525
    0.07546512
    0.33408182
    0.32365500
    0.11263112
    0.05906358
    0.11347805
    0.05660573
    0.32420405
    0.32755888
    0.10693366
    0.07210976
    0.10980183
    0.06835588
   -0.01725635
    0.10163367
    0.10565556
    0.01594059
   -0.03809964
    0.03557156
   -0.02290118
    0.02879037
   -0.03399051
    0.36523543
   -0.02363776
    0.06819544
   -0.03700240
    0.07844334
   -0.01040217
    0.08573537
    0.10309340
    0.01644080
   -0.04179746
    0.06828675
   -0.02242131
    0.07280924
   -0.01902316
    0.36901563
   -0.02221824
    0.05809236
   -0.03370147
    0.04154562
   -0.00606955
    0.07113437
    0.09031653
    0.01817336
   -0.03300533
    0.06953188
   -0.03330732
    0.07413487
   -0.03109539
    0.36486319
   -0.01827015
    0.05479060
   -0.03670449
    0.06667629
   -0.01211642
    0.08815018
    0.08542365
    0.02110858
   -0.03099502
    0.05607185
   -0.03322645
    0.07329313
   -0.03115984
    0.36562334
   -0.02012679
    0.06481939
   -0.03586177
    0.06365813
   -0.01152183
    0.08096628
    0.10368956
    0.01671479
   -0.03642811
    0.06860437
   -0.03166546
    0.06509293
   -0.03451946
    0.36132886
   -0.02019126
    0.05456805
   -0.03239782
    0.05354208
   -0.00503691
    0.07306347
    0.08949630
    0.01956572
   -0.03863017
    0.06614633
   -0.02361075
   -0.02154582
   -0.02398913
   -0.03175302
    0.05675976
    0.06601547
    0.09880991
    0.10416941
    0.06319521
    0.10123835
    0.10141737
    0.06646337
    0.09880115
    0.10609710
   -0.39750515
    0.07006299
    0.07661769
    0.36309005
   -0.41604586
   -0.49598188
    0.41773189
   -0.49771915
    0.40551413
   -0.48174491
   -0.38645196
    0.38273356
   -0.46496336
   -0.39361419
    0.39348233
   -0.46591558
   -0.47368609
   -0.46909823
   -0.46482371
   -0.46653727
   -0.47383705
   -0.47028516
   -0.46749918
   -0.41220208
    0.40801512
   -0.41321272
    0.40408626
   -0.41382929
    0.40514343
   -0.39922280
    0.39371215
   -0.40578880
    0.39536776
   -0.41440252
    0.40613585
   -0.41347450
    0.40375344
   -0.41317804
    0.38317800
    0.96116639
   -0.50611334
   -0.52525871
   -0.50373136
   -0.52066677
