   -0.50165268
   -0.51722905
   -0.50737890
   -0.51188498
   -0.50994262
   -0.50567950
   -0.52537099
   -0.50339181
   -0.51256444
   -0.51350904
   -0.50200422
   -0.50855056
   -0.15205706
   -0.15263536
   -0.15328343
   -0.14225833
   -0.15151679
   -0.16015568
   -0.15580643
   -0.15348602
   -0.15542844
   -0.15714255
   -0.15613797
   -0.15774360
   -0.15749037
   -0.16037395
   -0.15060528
   -0.14045736
   -0.16171367
   -0.15230229
   -0.15395972
   -0.15997668
   -0.15933914
   -0.15144152
   -0.14273571
   -0.14699468
    0.32364604
    0.10006642
    0.06577682
    0.32131067
    0.11040239
    0.05181344
    0.06237485
    0.10904436
    0.11522414
    0.32566976
    0.11638464
    0.05441997
    0.32184584
    0.11630548
    0.05115856
    0.07498013
    0.09770189
    0.09825534
    0.32852478
    0.12036037
    0.04092735
    0.32544439
    0.11988457
    0.04353434
    0.06828173
    0.09577709
    0.12329331
    0.32751758
    0.12097083
    0.04085803
    0.32364942
    0.12016978
    0.04314784
    0.07619401
    0.10117253
    0.09534222
    0.32605704
    0.11869071
    0.06058633
    0.32527005
    0.11890941
    0.05038926
    0.06968897
    0.10608343
    0.10335786
    0.32443608
    0.11098303
    0.05648927
    0.32501696
    0.11189277
    0.05371646
    0.05969115
    0.11720514
    0.11753755
   -0.00813064
    0.10132121
    0.08237471
   -0.05607352
    0.02280116
    0.07180063
   -0.09613304
    0.08934970
    0.05279496
    0.36607029
   -0.42255191
   -0.01124488
    0.07522055
    0.09632985
   -0.08063261
    0.09503001
    0.06681626
   -0.11549391
    0.11046413
    0.10522022
    0.36879124
   -0.43075443
    0.00818124
   -0.06140451
   -0.11181451
    0.37300310
   -0.00818635
    0.09494076
    0.07257753
   -0.07567976
    0.08984697
    0.06516559
   -0.11037125
    0.09495714
    0.10379182
    0.36549808
   -0.41346343
    0.00767236
    0.05502744
    0.06167714
   -0.06928243
    0.08473108
    0.06059434
   -0.11650627
    0.11413128
    0.08884386
    0.37134009
   -0.39819609
   -0.00377555
   -0.06149251
   -0.11560412
    0.37252055
   -0.41789855
   -0.12064524
   -0.00508429
    0.37198880
    0.00921457
    0.05773577
    0.05570706
   -0.06025052
   -0.10971784
    0.37150952
    0.00132206
    0.07628459
    0.06486276
   -0.06444614
    0.05108434
    0.05873826
   -0.11606568
    0.09990928
    0.10152503
    0.37230167
   -0.41662739
    0.00071263
    0.36053395
   -0.41602741
   -0.00758332
   -0.06406702
   -0.11328026
   -0.38737854
   -0.41231769
   -0.00408311
   -0.06991445
    0.36967326
   -0.42128848
   -0.06250520
   -0.42010904
   -0.11561037
   -0.40601810
   -0.06975981
   -0.08770673
    0.37099985
    0.06031055
    0.05881814
    0.04823521
    0.07560064
    0.09039614
    0.09142731
    0.06571860
    0.07864937
    0.04967265
    0.09392490
    0.08623848
    0.06610003
    0.06813423
    0.04282916
    0.06997255
    0.09416823
    0.05029540
    0.06107448
    0.08631953
    0.08830103
    0.04828076
    0.06248068
    0.10008771
    0.09648092
    0.11576782
    0.10350835
    0.08160591
    0.06607321
    0.05112475
    0.07462329
    0.11568607
    0.08428262
    0.07896648
    0.07036806
    0.10398653
    0.07436210
    0.07270216
    0.10367645
    0.09175272
   -0.46416342
    0.42326801
   -0.47275156
    0.39608337
   -0.45823142
    0.41196250
   -0.47040503
    0.42506036
   -0.46743112
    0.42498598
   -0.46079274
    0.42127575
   -0.44363540
    0.34794484
   -0.49631120
    0.42262805
   -0.46246701
    0.42049042
   -0.50106375
    0.41982346
   -0.46004427
    0.38863414
   -0.49348666
    0.41421599
   -0.91863587
