    0.10578200
    0.05482354
   -0.15273446
    0.32614654
   -0.50632771
   -0.14185001
    0.10547541
    0.05171726
   -0.15246742
    0.32595148
   -0.51456147
   -0.15214932
   -0.04991433
    0.07904374
    0.08391632
    0.06804215
    0.03921201
    0.06422221
   -0.11334515
    0.04245456
    0.06031265
    0.06903865
    0.00125631
   -0.03574076
    0.04690146
   -0.03148564
    0.04159992
   -0.03378098
    0.04279684
   -0.03305970
    0.04084284
   -0.04273369
    0.03691441
    0.06586916
    0.10646221
    0.10572029
    0.10569611
    0.05441343
   -0.15372411
    0.32626732
   -0.50626692
   -0.14164513
    0.10566126
    0.05159980
   -0.15223201
    0.32586392
   -0.51459211
   -0.15276859
   -0.05056110
    0.08045169
    0.08401698
    0.06740256
    0.03932736
    0.06345097
   -0.11341944
    0.04167187
    0.06021514
    0.06884522
    0.00124219
   -0.03610463
    0.04893472
   -0.03155159
    0.04161124
   -0.03377868
    0.04258898
   -0.03313284
    0.04048016
   -0.04286897
    0.03720547
    0.06680115
    0.09920532
    0.10168152
    0.10434387
    0.05859576
   -0.15258116
    0.32633034
   -0.50600514
   -0.14034448
    0.10244360
    0.06027940
   -0.15117898
    0.32245420
   -0.52107269
   -0.15359591
   -0.04991481
    0.07528742
    0.08715351
    0.06827476
    0.04011322
    0.06217489
   -0.11364567
    0.04290020
    0.06040191
    0.06900598
    0.00085233
   -0.03626084
    0.04837711
   -0.03157648
    0.04155562
   -0.03365717
    0.04256989
   -0.03289473
    0.04056089
   -0.04290284
    0.03838111
    0.06612594
    0.10823804
    0.10401619
    0.10729655
    0.04961486
   -0.15468247
    0.32614634
   -0.50716483
   -0.13981133
    0.10399662
    0.05756792
   -0.15001543
    0.32611643
   -0.51410210
   -0.15530054
   -0.05067650
    0.08055436
    0.08448081
    0.06739968
    0.03952346
    0.06323836
   -0.11312505
    0.04173919
    0.06005622
    0.06915914
    0.00085037
   -0.03639825
    0.04728470
   -0.03181326
    0.04140670
   -0.03393396
    0.04257191
   -0.03316243
    0.04044266
   -0.04314503
    0.03998474
    0.06650104
    0.09955562
    0.09976669
    0.10711662
    0.05030919
   -0.15492181
    0.32614809
   -0.50693203
   -0.13935150
    0.10414851
    0.05692755
   -0.15023157
    0.32598797
   -0.51444711
   -0.15501278
   -0.05055573
    0.07969399
    0.08551427
    0.06743815
    0.03965799
    0.06281776
   -0.11315682
    0.04169761
    0.06001151
    0.06923055
    0.00085823
   -0.03640494
    0.04779843
   -0.03182031
    0.04147058
   -0.03390689
    0.04254632
   -0.03314270
    0.04036987
   -0.04325238
    0.04011163
    0.06591533
    0.10482673
    0.10805785
    0.10476510
    0.05694761
   -0.15369760
    0.32646547
   -0.50546081
   -0.14006187
    0.10262629
    0.06006048
   -0.15069791
    0.32237064
   -0.52053598
   -0.15408132
   -0.05013602
    0.07568604
    0.08729520
    0.06832520
    0.04042705
    0.06104233
   -0.11362557
    0.04217655
    0.06043097
    0.06895290
    0.00081956
   -0.03645516
    0.04929285
   -0.03168051
    0.04156309
   -0.03368593
    0.04246798
   -0.03291580
    0.04037033
   -0.04308693
    0.03940036
    0.06678385
    0.10194901
    0.09895358
    1.16074878
   -0.36020394
   -0.35811217
   -0.35973242
   -0.35790510
   -0.35731983
   -0.35911252
