   -0.48155615
   -0.47793576
   -0.49716997
   -0.50353534
   -0.48619675
   -0.48932245
   -0.17788153
    0.00946271
    0.00310998
    0.04308249
   -0.07274119
    0.04525111
    0.06480182
   -0.00329246
    0.06805242
    0.07568444
   -0.15815346
    0.20407138
    0.26226833
    0.06498215
   -0.24395730
   -0.02911126
    0.06691856
   -0.01223711
    0.05851649
   -0.02936479
    0.06638209
    0.06561265
    0.26280888
   -0.15547308
    0.19719900
   -0.00262963
    0.07679197
    0.06611703
   -0.07556816
    0.06590188
    0.04886522
    0.00786402
    0.03978068
    0.00966972
   -0.17715759
    0.00367204
    0.03490596
    0.03624731
   -0.05923728
    0.02416710
    0.05458414
    0.01500968
    0.05943142
    0.03807007
   -0.15543278
    0.20288247
    0.25910535
    0.06647388
   -0.23565851
   -0.03162329
    0.06599679
   -0.01559277
    0.06044515
   -0.03200860
    0.06478485
    0.06683067
    0.25843520
   -0.15834779
    0.20678648
    0.02108189
    0.05407884
    0.03738033
   -0.06508292
    0.05338500
    0.02623139
   -0.00277850
    0.03950254
    0.04623027
    0.00565068
    0.02653740
    0.03530556
   -0.06966355
    0.03862984
    0.06121816
    0.00025440
    0.07249675
    0.06239970
   -0.14950033
    0.19708530
    0.26912887
    0.08212819
   -0.22264778
   -0.02022194
    0.03970581
   -0.00419460
    0.02916849
   -0.02325240
    0.04706253
    0.06966465
    0.26504808
   -0.15887925
    0.20584517
    0.00050216
    0.06636474
    0.06977358
   -0.07295694
    0.05101103
    0.06071124
    0.00884154
    0.00947870
    0.04226117
   -0.93482438
