   -0.48362856
   -0.48338590
    0.13100932
   -0.11686137
   -0.11689791
   -0.04427442
    0.10766127
    0.10328626
   -0.00237920
    0.09179117
    0.08216004
   -0.15771601
    0.23227843
    0.26096799
    0.06469758
   -0.22860447
   -0.02943823
    0.06561640
   -0.01223759
    0.05452463
   -0.02942912
    0.06560838
    0.06474207
    0.26101488
   -0.15761541
    0.23195644
   -0.00263482
    0.08307376
    0.09129202
   -0.04447955
    0.10816217
    0.10294924
   -0.48382709
   -0.48378535
    0.13098398
   -0.11705714
   -0.11678558
   -0.04450571
    0.10794185
    0.10321319
   -0.00224871
    0.09161995
    0.08210352
   -0.15787882
    0.23227359
    0.26095610
    0.06472774
   -0.22866862
   -0.02944537
    0.06558901
   -0.01229665
    0.05454418
   -0.02947694
    0.06567366
    0.06474806
    0.26094682
   -0.15776033
    0.23204666
   -0.00233940
    0.08277713
    0.09120300
   -0.04450772
    0.10805718
    0.10296148
   -0.92891473
    0.11416683
    0.11289537
    0.10872074
    0.11319361
    0.10887293
    0.11418787
    0.11295058
    0.11416045
    0.10891512
    0.11412727
    0.10860203
    0.11312877
