   -0.05380256
    0.02133872
    0.04135658
    0.01844209
    0.04231640
    0.04596288
    0.05460628
    0.05673178
    0.08338375
    0.04351362
    0.07240121
    0.05610493
    0.32355909
    0.04065324
    0.08213519
    0.05065106
    0.07701602
    0.04587191
    0.32656990
   -0.16453478
    0.32574701
   -0.15149889
   -0.16136629
    0.32282883
   -0.52372706
   -0.16315712
   -0.16338533
   -0.16329318
   -0.52656016
   -0.16635484
   -0.16028054
   -0.52463752
   -0.52518484
   -0.15960724
   -0.52352105
   -0.16124285
   -0.52192107
   -0.17879771
   -0.16262952
   -0.16296456
   -0.15338431
   -0.16154587
   -0.16499831
   -0.52311937
   -0.52601321
    0.05766472
    0.04233101
   -0.07082814
   -0.07076356
    0.07487073
    0.32355262
    0.32360992
    0.07310198
   -0.06050859
    0.32471533
    0.05370626
    0.08321624
    0.08495338
    0.32379917
    0.05325082
   -0.07119886
   -0.06682511
   -0.05758707
   -0.06841964
    0.04262792
   -0.07267921
   -0.06140199
    0.05418664
   -0.06704022
   -0.05295177
   -0.06610309
   -0.05912745
   -0.06350640
   -0.06181270
   -0.06547356
   -0.06715751
   -0.06621032
   -0.05013775
   -0.06289207
   -0.07195051
   -0.06741344
   -0.07161291
   -0.06806266
   -0.06413817
   -0.06527900
   -0.06377191
    0.05214501
    0.01360143
    0.04746253
   -0.05775554
    0.04664236
    0.02498795
    0.01155892
    0.00764832
    0.07889439
    0.07662721
    0.04565684
    0.08924237
    0.08835684
   -0.01623656
    0.05153763
    0.07630488
    0.07072170
    0.01772952
    0.09221025
    0.08044410
    0.04489397
    0.02390360
    0.04586513
    0.05789292
    0.05895709
    0.05738332
    0.06008082
    0.08978751
    0.08805931
    0.08934546
    0.08757546
    0.05367216
    0.02713579
    0.01305971
    0.07254420
    0.06946769
    0.07276846
    0.07120639
    0.01258590
    0.06014927
    0.06073697
    0.05081621
    0.05586811
    0.02407946
    0.05171696
    0.04683526
    0.06500283
    0.04679245
    0.06221762
    0.05843232
    0.04705571
    0.02905745
    0.01373345
    0.05585856
    0.05837371
    0.04044983
    0.01766607
    0.05266786
    0.05825341
    0.05261631
    0.02419810
    0.05988207
    0.02846325
    0.06159515
    0.02447049
    0.06535286
    0.03406281
    0.05996566
    0.05278152
    0.05616959
    0.04835627
    0.04423116
    0.00817121
    0.02756180
    0.06219353
    0.06347303
    0.06001926
    0.05254225
    0.05566359
    0.06197389
    0.06004679
    0.05388608
    0.05501680
    0.03227767
    0.06217574
    0.06228492
    0.03337038
    0.03087478
    0.06383955
    0.06314213
    0.05284121
   -0.18262713
    0.06938327
    0.04529471
    0.03946523
   -0.06592410
    0.04678090
    0.06055530
   -0.06100191
   -0.10022560
    0.04899452
    0.04977726
    0.09365057
    0.36690801
    0.08849061
   -0.40169577
   -0.46587738
    0.38343481
    1.10077577
   -0.52780947
   -0.52702443
   -0.51444104
   -0.51450790
