   -0.48773251
   -0.47642211
   -0.48303797
   -0.47627982
   -0.49283892
   -0.48266765
   -0.15521604
   -0.15138757
   -0.15321889
   -0.14105690
   -0.15283564
   -0.14608457
   -0.14956310
   -0.14035733
   -0.14012288
   -0.15130195
   -0.13369317
   -0.14347341
    0.32547027
    0.32443826
    0.12245384
    0.04219415
    0.12266575
    0.03495793
    0.32356596
    0.31873792
    0.11913438
    0.04320299
    0.11789504
    0.04267780
    0.32465517
    0.31946020
    0.11895056
    0.03861346
    0.11971123
    0.04105413
    0.00042878
    0.04929733
    0.07528928
    0.06298134
    0.06110975
    0.11765215
    0.09793670
    0.06999458
    0.09507072
    0.09795150
    0.07922958
    0.09023868
    0.08904852
   -0.01651204
    0.07711491
    0.06597556
    0.09173530
   -0.00179490
    0.06373907
    0.05777641
    0.06971410
   -0.00508795
    0.08031752
    0.08314537
    0.08416870
   -0.00445007
    0.07516481
    0.08441732
    0.06584682
   -0.00378737
    0.08085233
    0.08213682
    0.08245087
   -0.49230402
   -0.47101376
   -0.48747181
   -0.47942098
   -0.49560069
   -0.48112665
   -0.15025933
   -0.14679753
   -0.14864964
   -0.13816633
   -0.14971704
   -0.14611575
   -0.14738324
   -0.14289536
   -0.13729319
   -0.15243436
   -0.13458721
   -0.14498816
    0.32599180
    0.32091525
    0.12159108
    0.03931588
    0.11775229
    0.04212336
    0.32400378
    0.31737969
    0.11858964
    0.04275646
    0.11974229
    0.03710109
    0.32672056
    0.32434925
    0.11889329
    0.03968049
    0.12367768
    0.03117074
   -0.00872871
    0.06640954
    0.07290569
    0.07201213
    0.06361608
    0.11835493
    0.09069848
    0.06966719
    0.09443593
    0.09520268
    0.07249727
    0.09305137
    0.09742763
   -0.01100838
    0.08000254
    0.07838068
    0.09385360
   -0.00878101
    0.06651386
    0.07239317
    0.07089962
   -0.01008433
    0.07157615
    0.07430731
    0.07469719
   -0.00392212
    0.07409598
    0.08122462
    0.06045316
   -0.00453186
    0.08478790
    0.04806697
    0.06659785
    0.04672455
    0.05303471
   -0.32674293
    0.07696784
    0.04609947
    0.04293645
    0.08231109
    0.03423883
   -0.32360120
    0.03597206
    0.07959721
    0.04399352
    0.07981127
    0.03445096
    0.03971157
    0.04184924
   -0.32731611
    0.03110430
    0.04108884
    0.04232236
    0.07043543
    0.04116338
   -0.31918916
    0.02393149
    0.07900962
    0.04047098
    0.08157014
    0.03960931
    0.03765450
    0.04099594
   -0.32647189
    0.07327461
    0.03714737
    0.05354751
    0.07999137
    0.03681993
   -0.32514556
    0.03672716
    0.03011987
    0.03873761
    0.07193850
    0.03865836
   -0.31483856
    0.07943783
    0.02886889
    0.07124478
    0.03734812
    0.05137055
    0.07836110
    0.04367440
   -0.32592870
    0.04124170
    0.07923567
    0.04098572
    0.08143518
    0.03696480
    0.03810629
    0.03378989
   -0.32612830
    0.03275477
    0.03995268
    0.03653333
    0.07497433
    0.07350359
   -0.31183992
    0.02787337
    0.07862486
    0.03423071
    0.07383745
    0.03772253
    0.04316764
    0.05833968
   -0.32945013
    0.07969271
    0.04005289
    0.04106831
    0.07868726
    0.03710407
   -0.32649279
    0.04339246
    0.03150481
    0.03742598
    0.07014078
    0.03881665
    0.07620461
    0.03635898
   -0.31965283
    0.07334764
    0.02452886
    0.03881289
    0.07012675
    0.04520995
   -0.31652198
    0.07262463
    0.06962365
    0.04472908
    0.07524902
    0.06847177
    0.01350399
    0.04471124
   -0.32814436
    0.03613258
    0.02637518
    0.04182506
    0.07023911
    0.07770469
    0.03610531
   -0.31540065
    0.08417340
    0.03826661
    0.02241133
    0.07824165
    0.04567463
   -0.33335106
    0.04287213
    0.07898462
    0.04418569
    0.08662738
    0.03856893
    0.03878848
    0.02169556
   -0.32557868
    0.02850729
    0.03969213
    0.04599599
    0.07219690
   -0.31889990
    0.04091482
    0.02687433
    0.08051962
    0.04045296
    0.03497419
    0.08131503
    0.03901188
   -0.32834975
    0.04100767
    0.07436699
    0.03781982
    0.07503667
    0.05007106
    0.03549139
    0.04893360
   -0.32575138
    0.03063319
    0.03657395
    0.03954756
    0.06980777
    0.08292898
   -0.31427786
    0.03257457
    0.06939112
    0.04333968
    0.07617637
    0.04805315
    0.04492220
    0.04336749
   -0.32748537
    0.07656000
    0.04404966
    0.03922615
    0.07423109
    0.03812849
   -0.32490619
    0.04635721
    0.02986623
    0.03811706
    0.07163337
    0.03929008
    0.03510292
    0.08857471
   -0.31415245
    0.07468051
    0.04063320
    0.04369750
    0.07668508
    0.04060395
   -0.33259462
    0.03833871
    0.08342647
    0.02959689
    0.07871463
    0.04200542
    0.03345378
    0.04402663
   -0.32789357
    0.03268498
    0.03146523
    0.05053420
    0.06703284
   -0.32212861
    0.05335219
    0.05135989
    0.07324913
    0.04474676
    0.06622879
    0.07007212
    0.02433900
   -0.32817431
    0.05151639
    0.07851587
    0.03648422
    0.07894596
    0.04291212
    0.03690325
    0.03827734
   -0.32598468
    0.03038677
    0.03848036
    0.03909960
    0.07194064
   -0.31569344
    0.02766993
    0.07579546
    0.07170213
    0.05138086
    0.03738546
    0.07877716
    0.04045887
   -0.32597782
    0.04341308
    0.07928111
    0.03625537
    0.08359962
    0.04080785
    0.02937226
    0.03696288
   -0.32818099
    0.02766901
    0.05168488
    0.03734579
    0.07189091
   -0.31638378
    0.03023864
    0.04148130
    0.07870336
    0.03680680
    0.04058798
    0.07952034
    0.04070601
   -0.32516452
    0.04138454
    0.07786777
    0.03891274
    0.07887910
    0.04002735
    0.03812533
    0.03907339
   -0.32600769
    0.02995258
    0.03918335
    0.03974948
    0.07254357
   -0.98358258
