   -0.04966716
    0.10890266
    0.10587253
   -0.02904424
   -0.03644900
    0.04660883
   -0.03470080
    0.02616330
   -0.02109108
    0.02531386
   -0.04500901
    0.04543612
    0.06061460
   -0.01917119
    0.07128168
    0.10823080
    0.08831321
   -0.02925793
    0.08135369
    0.00239878
    0.07350824
   -0.01373794
    0.07913905
    0.11210714
   -0.01617719
    0.06984994
    0.11774676
    0.05472200
   -0.05820109
    0.04093518
   -0.02710646
    0.03610000
   -0.03891627
    0.03759548
   -0.03832208
    0.05426465
   -0.03375576
   -0.04985175
    0.11197480
    0.10769147
   -0.04383918
    0.12388840
    0.11035868
    0.05696668
    0.06955200
    0.05873794
   -0.31279364
    0.06828240
    0.03842439
    0.05593239
    0.07009844
    0.03516203
    0.05083562
   -0.30594743
    0.05956650
    0.08198476
    0.05601522
   -0.04042640
    0.11247723
    0.11035630
   -0.05900904
    0.10940982
    0.16006113
    0.05767288
    0.07358666
    0.05997845
    0.05306706
    0.07728137
    0.06474728
   -0.04670798
    0.11463241
    0.11791750
   -0.22519665
   -0.01988233
   -0.21416694
    0.01179005
    0.01584504
   -0.31696756
    0.26910921
    0.29277213
    0.20376326
    0.27071351
    0.20254274
   -0.85425814
