   -0.97040875
   -0.05108909
   -0.05606815
   -0.05109134
    0.00729806
   -0.06045452
    0.14335804
   -0.07151649
    0.00565184
    0.05271294
   -0.04664068
    0.02514559
   -0.05115725
    0.05270958
    0.00571201
   -0.07154750
    0.14332919
   -0.06045192
    0.00722848
   -0.14070633
   -0.19313666
    0.05101065
   -0.01768770
    0.08828061
   -0.19323260
   -0.14184892
    0.08849204
   -0.01746540
    0.05112501
    0.03411217
    0.05524890
    0.03412020
    0.06626169
    0.05461190
    0.07538368
    0.08254614
    0.05479005
    0.06611136
    0.04923761
    0.04931693
    0.05133921
    0.05144154
   -0.01714698
    0.04914585
   -0.01735562
    0.04904265
    0.08806978
    0.08784593
   -0.13964478
   -0.19076429
   -0.14079091
   -0.19089093
    0.05282015
   -0.05124445
   -0.04672986
   -0.05612600
    0.05281550
    0.02515650
    0.07551920
    0.05459546
    0.08269238
    0.02719291
    0.02721665
   -0.11982665
    0.04310594
    0.04309605
    0.05223491
   -0.11625425
    0.04367292
    0.05384363
    0.03846135
   -0.11616110
    0.04358981
    0.03830682
    0.05390362
   -0.11615570
    0.05395859
    0.04356072
    0.03838201
   -0.11979616
    0.05230253
    0.04308576
    0.04303969
   -0.11621340
    0.05392945
    0.03837322
    0.04357858
   -0.27881359
   -0.27873783
    0.07487318
    0.05046844
    0.07854846
    0.05064987
    0.07477263
    0.07853953
    0.05040718
    0.05074691
    0.04341033
   -0.32351390
    0.04290797
    0.07728986
    0.04308997
    0.07788749
    0.04269760
    0.04188642
    0.04147867
   -0.32480844
    0.07739874
    0.04000175
    0.03980326
    0.07845121
    0.03863285
   -0.32456165
    0.03838831
    0.02945412
    0.03860664
    0.07236974
    0.03860001
    0.04359696
   -0.32344706
    0.04276990
    0.07729442
    0.04289287
    0.07783925
    0.04294459
    0.04163124
    0.04179919
   -0.32499112
    0.07735490
    0.04009828
    0.03979660
    0.07845071
    0.03867624
   -0.32452824
    0.03835699
    0.02946172
    0.03862250
    0.07239061
    0.03855419
