   -0.49778950
   -0.50036038
   -0.50225041
   -0.50775485
   -0.49827367
   -0.49950845
   -0.15956106
   -0.15041265
   -0.14513244
   -0.15256660
   -0.15539733
   -0.15287042
   -0.13927484
   -0.14360396
   -0.15064703
   -0.15375499
   -0.14619096
   -0.14467981
    0.32664923
    0.32650083
    0.11837033
    0.03048417
    0.11989194
    0.02758084
    0.32186185
    0.32482893
    0.11281311
    0.03864336
    0.10921536
    0.04656842
    0.32425516
    0.32765418
    0.11691747
    0.02927555
    0.11987134
    0.02512647
   -0.01320762
    0.09391336
    0.09481530
    0.02023451
   -0.03341908
    0.01039580
   -0.02695173
    0.02815233
   -0.02621462
    0.36903634
   -0.01476329
    0.07108821
   -0.02547986
    0.07555184
   -0.00911167
    0.07992399
    0.10856807
    0.01741268
   -0.03919008
    0.06979555
   -0.01941920
    0.06495500
   -0.03107247
    0.36745215
   -0.03033399
    0.06905168
   -0.02975925
    0.04061907
   -0.00163444
    0.07637179
    0.09439214
    0.01574425
   -0.03251403
    0.03306904
   -0.02270226
    0.06607819
   -0.03001098
    0.36562814
   -0.02560561
    0.07807637
   -0.03822463
    0.06099422
   -0.01014645
    0.09710260
    0.07654752
    0.01901484
   -0.02972150
    0.05314718
   -0.03164857
    0.07125803
   -0.03006714
    0.36574667
   -0.02062333
    0.07016289
   -0.03764720
    0.06792912
   -0.01621993
    0.09720062
    0.11412995
    0.01843988
   -0.03881644
    0.08278886
   -0.03203326
    0.08173771
   -0.03525767
    0.36372465
   -0.02160145
    0.03930374
   -0.03241418
    0.01489627
   -0.00900923
    0.07773939
    0.09640883
    0.01805761
   -0.03771502
    0.06775168
   -0.03307323
    0.07553593
   -0.03015575
    0.36577418
   -0.01926012
    0.06474659
   -0.02922052
    0.05252515
    0.06499882
    0.10758100
    0.10957683
    0.06851060
    0.10026526
    0.10778798
    0.06247715
    0.11122556
    0.10838177
   -0.49641833
   -0.50933663
   -0.49385214
   -0.50522961
   -0.50612768
   -0.49735431
   -0.15956808
   -0.14459601
   -0.14137728
   -0.13043676
   -0.15179083
   -0.14629445
   -0.13430598
   -0.12857317
   -0.15335429
   -0.15269893
   -0.15014307
   -0.13930157
    0.32278214
    0.32438162
    0.10543876
    0.04329699
    0.10641075
    0.05217646
    0.32553341
    0.32402741
    0.11402255
    0.03045530
    0.11434119
    0.03393391
    0.32185695
    0.32800677
    0.10883869
    0.04571866
    0.11094434
    0.04493009
   -0.02055496
    0.10372852
    0.11769612
    0.01408773
   -0.04200930
    0.00832249
   -0.02611196
    0.01303615
   -0.03463523
    0.36481898
   -0.02284817
    0.07966464
   -0.03756256
    0.09021680
   -0.01237779
    0.08565820
    0.10803722
    0.01494805
   -0.04216987
    0.06945948
   -0.02245922
    0.07611301
   -0.01806523
    0.36956809
   -0.02304761
    0.06081808
   -0.03466542
    0.03987230
   -0.00694709
    0.06792859
    0.09463908
    0.01659671
   -0.03349765
    0.07114199
   -0.03323639
    0.07818503
   -0.02998945
    0.36535543
   -0.01858927
    0.05765456
   -0.03735886
    0.06437806
   -0.01315278
    0.09361078
    0.08205869
    0.01970280
   -0.03171779
    0.05791527
   -0.03335260
    0.07670810
   -0.03021483
    0.36603179
   -0.02054433
    0.06743823
   -0.03651939
    0.06309227
   -0.01376188
    0.08114341
    0.11123340
    0.01369631
   -0.03905595
    0.06429480
   -0.03332946
    0.06478030
   -0.03523424
    0.36034054
   -0.02231824
    0.06192435
   -0.03440736
    0.05933828
   -0.00560054
    0.06914569
    0.09379568
    0.01827614
   -0.03804838
    0.06019154
   -0.02292596
   -0.02051282
   -0.02415076
   -0.03222474
    0.05867713
    0.06322545
    0.10727679
    0.11270355
    0.06126202
    0.10872671
    0.10816937
    0.06420775
    0.10798403
    0.11267141
   -0.39591929
    0.07002625
    0.08171311
    0.36365132
   -0.41400730
   -0.49247294
    0.42022200
   -0.49587553
    0.40746406
   -0.47483517
   -0.38167402
    0.38504521
   -0.46674184
   -0.38555318
    0.39828012
   -0.46088456
   -0.47632136
   -0.46727980
   -0.46271251
   -0.46650723
   -0.46562999
   -0.46785987
   -0.46682885
   -0.40979492
    0.40965680
   -0.41139803
    0.40445031
   -0.41192330
    0.40612977
   -0.40179894
    0.39125836
   -0.39751692
    0.40940998
   -0.41239260
    0.40763832
   -0.40629235
    0.40669726
   -0.40868805
    0.38507156
    1.11825988
   -0.52058002
   -0.52403798
   -0.51961025
   -0.52055251
