   -0.03665003
    0.00122946
    0.00946097
    0.01113001
    0.54028714
    0.54077052
    0.54136225
   -0.42796586
   -0.42700058
   -0.42483056
    0.15802945
    0.15764348
    0.15895660
   -0.25214561
   -0.24834994
   -0.42432450
   -0.42582348
   -0.42106275
   -0.06050288
   -0.06048155
   -0.05177492
   -0.22723648
   -0.23226699
   -0.25013553
   -0.01851349
   -0.01933944
   -0.02074135
   -0.49233690
   -0.48544155
   -0.47634375
   -0.00563683
   -0.00474904
   -0.00253115
   -0.03044314
   -0.02613889
   -0.02979102
    0.04151165
    0.04248343
    0.04220664
    0.28223420
    0.28232408
    0.13261287
    0.23888927
    0.23067281
    0.07521192
    0.07430207
    0.07439910
    0.08797083
    0.08789031
    0.08873498
    0.08437711
    0.08151828
    0.07923009
    0.07037884
    0.07017287
    0.06913677
    0.07125368
    0.06860044
    0.08654206
    0.21993916
    0.22175996
    0.27732737
   -0.24962459
    0.20346261
    0.25465562
   -0.92648611
