    1.13362076
   -0.45926499
   -0.47037965
   -0.56234313
   -0.60567893
   -0.03430887
    0.08113328
    0.04290076
   -0.05029017
    0.13428715
    0.12123435
   -0.05245532
    0.10138022
    0.11939659
    0.00554362
   -0.03305224
    0.07871552
   -0.05169293
    0.09086030
    0.01981941
   -0.03577940
    0.04777177
   -0.04367084
    0.04469279
   -0.05753965
    0.11346482
    0.14145602
   -0.05517847
    0.12638160
    0.10542371
   -0.03889450
    0.08436818
    0.05026094
   -0.03341475
    0.08414092
    0.04802570
   -0.04670464
    0.10898617
    0.09928326
   -0.04507405
    0.09512203
    0.10876647
    0.00381081
   -0.04176033
    0.05669981
   -0.03310393
    0.06006929
    0.01524633
   -0.04908460
    0.08602767
   -0.03887739
    0.06709473
   -0.05606012
    0.11164141
    0.13191842
   -0.05676617
    0.12887754
    0.10696136
   -0.03928926
    0.08004803
    0.05393605
   -0.03137546
    0.07624427
    0.04933042
   -0.04823823
    0.12265851
    0.09697701
   -0.04637206
    0.09553422
    0.11161065
    0.00893659
   -0.03789115
    0.06165622
   -0.03805607
    0.05859555
    0.01106473
   -0.04766759
    0.07404318
   -0.03716878
    0.06349016
   -0.04845339
    0.10019873
    0.11687101
   -0.05006399
    0.11878971
    0.09877366
   -0.03534974
    0.08227221
    0.04529992
   -0.14925761
   -0.03040132
    0.27478769
    0.27698883
   -0.02134428
    0.29674693
    0.28297807
   -0.04273356
    0.30188699
    0.26706028
   -0.02188378
    0.30112044
    0.27555863
   -0.03949816
    0.30256058
    0.26301178
   -0.03985218
    0.31232901
    0.26733380
   -0.14780587
