   -0.15417708
    0.00181826
    0.04494048
    0.02146174
    0.00054638
    0.07108306
    0.06057546
   -0.15346812
    0.22845341
    0.25634180
    0.06416405
   -0.22887711
   -0.03233778
    0.06286570
   -0.01563672
    0.05270667
   -0.03230884
    0.06243484
    0.06455845
    0.25650585
   -0.15321171
    0.22787551
    0.00067894
    0.06858383
    0.06017454
    0.00176733
    0.04715966
    0.02028007
   -0.15271110
    0.00243008
    0.04559056
    0.02030134
    0.00152522
    0.06558238
    0.05895347
   -0.15543425
    0.22803496
    0.25660062
    0.06457075
   -0.22853489
   -0.03223883
    0.06254114
   -0.01565010
    0.05271515
   -0.03237937
    0.06295213
    0.06418365
    0.25654385
   -0.15531217
    0.22868756
    0.00156502
    0.06783905
    0.05996758
    0.00216389
    0.04342236
    0.02184594
    0.00252748
    0.04924885
    0.01666778
    0.00143992
    0.06571164
    0.06101679
   -0.15442807
    0.22826826
    0.25685951
    0.06492763
   -0.22888370
   -0.03218958
    0.06239057
   -0.01557895
    0.05289631
   -0.03227405
    0.06294835
    0.06380973
    0.25644620
   -0.15426997
    0.22852852
    0.00063084
    0.07129742
    0.05900782
    0.00116794
    0.04291226
    0.02538487
   -0.50839626
   -0.50886007
   -0.50980220
   -0.50928553
   -0.50947912
   -0.50797650
   -0.80337935
