   -0.05346591
    0.04553727
    0.04475248
    0.01854007
    0.04600547
    0.04771317
    0.05214604
    0.04947022
    0.08790064
    0.04699397
    0.07702223
    0.05819889
    0.32535935
    0.04419841
    0.08504467
    0.05272000
    0.08305646
    0.05013599
    0.32792253
   -0.16169527
    0.32783639
   -0.15233101
   -0.16274152
    0.32500666
   -0.53196049
   -0.15556778
   -0.16682592
   -0.15447874
   -0.53474968
   -0.16739404
   -0.15531047
   -0.53210822
   -0.53254684
   -0.15344692
   -0.53066444
   -0.16393680
   -0.52924786
   -0.17311519
   -0.16418673
   -0.16566490
   -0.14458477
   -0.15688382
   -0.15263498
   -0.53078834
   -0.53229329
    0.05923429
    0.04599050
   -0.06571903
   -0.06787518
    0.07904872
    0.32508829
    0.32638236
    0.07835330
   -0.05486671
    0.32708568
    0.05441318
    0.08664622
    0.08752686
    0.32544830
    0.05431798
   -0.06659821
   -0.06146560
   -0.05663957
   -0.06539541
    0.04588322
   -0.06828260
   -0.05518479
    0.05539058
   -0.06220979
   -0.05128317
   -0.06156170
   -0.05821172
   -0.06052075
   -0.05584319
   -0.06150043
   -0.06315092
   -0.06126114
   -0.05120399
   -0.06107443
   -0.06615673
   -0.06149420
   -0.06489078
   -0.06409491
   -0.05950727
   -0.06308947
   -0.06069803
    0.04286497
    0.04589127
    0.03907209
   -0.05518102
    0.03646603
    0.03917231
    0.03439309
    0.04291185
    0.06743648
    0.06906308
    0.03623725
    0.08283728
    0.08182527
   -0.01270784
    0.04316621
    0.07189515
    0.06609881
    0.03409535
    0.08417864
    0.07104660
    0.03232452
    0.04113568
    0.03733059
    0.05000413
    0.05085022
    0.05480447
    0.05032552
    0.08227172
    0.08017775
    0.08137887
    0.08018869
    0.04552525
    0.04314513
    0.02171130
    0.06773446
    0.06577426
    0.06706823
    0.06511933
    0.02719253
    0.05433222
    0.04895487
    0.05191111
    0.04537023
    0.04616154
    0.04293798
    0.04375650
    0.05580074
    0.03830401
    0.05542404
    0.05172803
    0.04157541
    0.05090677
    0.02195221
    0.05209847
    0.04614195
    0.03564372
    0.04555674
    0.05187403
    0.04668260
    0.04611271
    0.04450537
    0.05183973
    0.04021887
    0.05272635
    0.02913336
    0.05577322
    0.04003362
    0.04862784
    0.05113849
    0.04561990
    0.05254224
    0.03226746
    0.04481789
    0.03903786
    0.05463503
    0.05243792
    0.05206666
    0.04930358
    0.04583040
    0.05140520
    0.04974328
    0.05189203
    0.04663488
    0.04072566
    0.05224650
    0.05607856
    0.03843704
    0.04302631
    0.05263157
    0.06061183
    0.05353493
   -0.18357704
    0.06028981
    0.03736073
    0.03834413
   -0.06332009
    0.04322985
    0.05665570
   -0.05870870
   -0.09881321
    0.04815786
    0.04736116
    0.09188105
    0.36715701
    0.08659042
   -0.40147415
   -0.46618994
    0.38349778
   -0.46332628
   -0.47461336
    0.81698248
   -0.47494816
   -0.44807870
