   -0.47617348
   -0.47972355
    0.12901307
   -0.11835128
   -0.11895746
   -0.04601971
    0.09878288
    0.10922316
   -0.00387471
    0.08052894
    0.09381740
   -0.17780877
    0.20662097
    0.26904276
   -0.01825499
   -0.03150049
   -0.02011297
    0.05781464
   -0.03011756
    0.05113348
   -0.02014960
    0.05795166
   -0.01778366
    0.26869345
   -0.17898020
    0.21037933
   -0.00136699
    0.08956080
    0.07944706
   -0.04403890
    0.09727754
    0.10864013
   -0.47558003
   -0.47965612
    0.12901255
   -0.11877109
   -0.11858330
   -0.04674569
    0.09990735
    0.11004206
   -0.00323531
    0.07946452
    0.09342960
   -0.17747266
    0.20628249
    0.26889397
   -0.01849706
   -0.03271609
   -0.01993326
    0.05893762
   -0.02995732
    0.05189726
   -0.01995188
    0.05919485
   -0.01794779
    0.26841222
   -0.17815829
    0.21036912
   -0.00045934
    0.08840992
    0.07864483
   -0.04469336
    0.09823568
    0.10966311
   -0.94369213
    0.11712680
    0.11730868
    0.10805538
    0.11714495
    0.10875035
    0.11758938
    0.11721090
    0.11742050
    0.10881427
    0.11727597
    0.10794559
    0.11718872
    0.05943767
    0.05927145
