    0.23790729
    0.09004927
    0.10184051
    0.10251352
    0.09410994
    0.06967251
   -0.49106915
   -0.48978901
   -0.36269601
   -0.34795894
   -0.47915773
    0.23075903
    0.08123350
    0.10049029
    0.10614317
    0.09590908
    0.07391431
   -0.45731308
   -0.49467381
   -0.37052817
   -0.34703321
   -0.46422621
    0.23262256
    0.08366799
    0.10723184
    0.09525711
    0.09808642
    0.06653322
   -0.45270881
   -0.48273507
   -0.35705186
   -0.34361224
   -0.50434355
    0.22573269
    0.09769682
    0.11147735
    0.09394581
    0.09477013
    0.07626694
   -0.48807028
   -0.46479710
   -0.36866094
   -0.33899836
   -0.46936079
    0.23354345
    0.08808352
    0.10395131
    0.09777657
    0.09620276
    0.07209705
   -0.49148103
   -0.48234724
   -0.37181691
   -0.34930330
   -0.46452371
    0.23232464
    0.08270192
    0.10658241
    0.09503833
    0.08657459
    0.06543832
   -0.45274346
   -0.48123566
   -0.36069126
   -0.34494369
   -0.48399486
    0.07382002
    0.05195026
    0.03090166
    0.06543203
    0.01096355
    0.05842333
    0.04258432
    0.39098646
    0.37996355
    0.37190652
    0.07317248
    0.07683010
    0.02493308
    0.06159160
    0.00802328
    0.02278233
    0.07518263
    0.34489313
    0.38398885
    0.07166081
    0.07663024
    0.02935378
    0.06702082
    0.01939467
    0.05236803
    0.05776252
    0.34045825
    0.37428562
    0.39291092
    0.07236220
    0.05635346
    0.02654955
    0.05417508
    0.01258293
    0.39274424
    0.34980552
    0.06885031
    0.05628142
    0.04938542
    0.06077861
    0.00640877
    0.07833263
    0.02425741
    0.39645747
    0.37499019
    0.33929383
    0.07353033
    0.07943942
    0.02944140
    0.06238398
    0.02635618
    0.05253806
    0.06556195
    0.33903336
    0.37177494
    0.37383686
   -0.50930432
   -0.52663896
    1.09731732
   -0.51030561
   -0.52942567
    0.03527505
    0.04633339
    0.36526933
    0.33751836
