   -0.07426739
    0.04376718
   -0.06537207
   -0.06305701
   -0.00613386
   -0.02093495
    0.04950517
    0.06936596
    0.06496792
    0.04340006
    0.04975787
    0.05136470
    0.05399992
    0.04514305
   -0.06979367
   -0.06433488
   -0.07016770
    0.04417699
    0.06003163
    0.04099100
    0.04716210
    0.05555939
    0.05689377
    0.04790775
    0.06991032
    0.35919780
   -0.43754725
   -0.26222251
   -0.14463719
    0.20968714
   -0.15224006
    0.20165414
    0.20784254
    0.20940496
   -0.50297681
   -0.49176961
   -0.13653182
    0.22222364
   -0.13886783
    0.22854193
    0.10183807
   -0.04057217
   -0.04113137
   -0.01592857
    0.07268125
   -0.01729506
    0.10228949
   -0.03764412
    0.07400467
    0.10276814
   -0.04076165
   -0.03794665
   -0.01859847
    0.07479313
   -0.01713878
    0.09964828
   -0.03821208
    0.07740266
    0.48589299
    0.48784012
    0.48613293
    0.48780662
   -0.21317231
   -0.20444535
   -0.21038794
   -0.21198402
   -0.21546511
   -0.20843396
   -0.21520255
   -0.21417233
   -0.20902627
   -0.20980952
   -0.21186664
   -0.20587766
   -0.89780535
    0.01445339
    0.09287130
    0.06971597
    0.07113660
