    1.08528112
   -0.50710955
   -0.51238710
   -0.46459322
   -0.51767360
   -0.03594203
    0.08287613
    0.04443511
   -0.05680009
    0.13682023
    0.11317724
   -0.05166090
    0.10356313
    0.11224889
    0.00429296
   -0.04315365
    0.06435099
   -0.05766595
    0.08182897
    0.01203984
   -0.04437411
    0.05601318
   -0.04496386
    0.05130309
   -0.06032171
    0.11823853
    0.13333419
   -0.06022683
    0.13140833
    0.11190647
   -0.04231258
    0.09072751
    0.05448501
   -0.03275797
    0.08350912
    0.05046408
   -0.04923042
    0.11352880
    0.10374565
   -0.05132613
    0.09643257
    0.11259223
    0.00051109
   -0.04278826
    0.04695194
   -0.04473279
    0.04886559
    0.01127682
   -0.06040284
    0.09117282
   -0.04462462
    0.07352609
   -0.05802999
    0.11444942
    0.13084860
   -0.05652727
    0.12495334
    0.10570138
   -0.04021237
    0.08530683
    0.05181894
   -0.03296390
    0.08231819
    0.04955813
   -0.04964187
    0.11366877
    0.10570401
   -0.05223063
    0.09901141
    0.11200776
    0.00132009
   -0.04297681
    0.05153202
   -0.04395222
    0.05193747
    0.01166806
   -0.06114791
    0.09054674
   -0.04649517
    0.06978772
   -0.05811443
    0.11559645
    0.13321178
   -0.05857823
    0.12851415
    0.10497648
   -0.04484516
    0.08553207
    0.05644026
   -0.15898153
   -0.03180647
    0.27791885
    0.27836776
   -0.02571442
    0.30496425
    0.28129414
   -0.03863151
    0.29503967
    0.27101388
   -0.02198660
    0.30452854
    0.28579536
   -0.03241308
    0.29435503
    0.27649938
   -0.02624437
    0.30502611
    0.28310311
   -0.14868175
