   -0.89577842
   -0.15495338
    0.25920027
   -0.49829064
    0.06340808
   -0.23365119
    0.06355139
    0.25911681
   -0.49854479
   -0.15501408
    0.00806451
    0.06815438
    0.05810230
   -0.06929140
    0.05599433
    0.05876259
    0.00801434
    0.05815862
    0.06835214
   -0.15494700
    0.25916318
   -0.49804468
    0.06341860
   -0.23391165
    0.06345939
    0.25905654
   -0.49846433
   -0.15498797
    0.00820056
    0.06830091
    0.05786473
   -0.06924206
    0.05863082
    0.05597221
    0.00808700
    0.05806328
    0.06830218
   -0.03170417
    0.06004755
   -0.01555372
    0.05428041
   -0.03169461
    0.05987927
   -0.03176552
    0.06038250
   -0.01558664
    0.05446231
   -0.03167087
    0.05995681
    0.21681840
    0.21672152
    0.21654385
    0.21660529
