   -0.99056917
   -0.15061490
    0.11925582
    0.04421843
   -0.09967794
   -0.05166877
    0.08576770
    0.06885263
    0.07750137
    0.19473194
   -0.48939277
   -0.09995496
   -0.05080125
    0.07695631
    0.07011816
    0.08347757
    0.11961943
    0.04339987
   -0.15163282
    0.32704499
   -0.49189253
    0.07090020
    0.10084809
    0.10079026
   -0.15105157
    0.11936094
    0.04382186
   -0.09933691
   -0.05164291
    0.08655700
    0.07705911
    0.06870996
    0.19476751
   -0.48962664
   -0.09977514
   -0.05068812
    0.07651856
    0.08423195
    0.06995996
    0.11956101
    0.04329436
   -0.15212882
    0.32708612
   -0.49120895
    0.07072990
    0.10108021
    0.10103099
   -0.15111010
    0.11962440
    0.04279673
   -0.09929087
   -0.05191336
    0.06801254
    0.07721709
    0.08777751
    0.19479668
   -0.48974155
   -0.09969355
   -0.05055888
    0.07637452
    0.06962985
    0.08436300
    0.11890226
    0.04506770
   -0.15158539
    0.32707280
   -0.49149854
    0.07104555
    0.10062524
    0.10048004
   -0.15032556
    0.11942588
    0.04335712
   -0.09972214
   -0.05169743
    0.08546107
    0.06883417
    0.07764293
    0.19470203
   -0.48930923
   -0.09983661
   -0.05133451
    0.07805668
    0.07011578
    0.08312571
    0.11911710
    0.04439357
   -0.15154117
    0.32707507
   -0.49219026
    0.07103607
    0.10064518
    0.10066899
   -0.15052157
    0.11852682
    0.04392627
   -0.09915362
   -0.05212427
    0.08534595
    0.07799162
    0.06935208
    0.19465496
   -0.48871645
   -0.09931294
   -0.05189671
    0.07778170
    0.08497760
    0.06984593
    0.11865893
    0.04336653
   -0.15139823
    0.32710779
   -0.49206425
    0.07071318
    0.10110270
    0.10103257
   -0.15101878
    0.11856590
    0.04383620
   -0.09911724
   -0.05236227
    0.06897408
    0.07807724
    0.08662174
    0.19465540
   -0.48837648
   -0.09962913
   -0.05113927
    0.07702817
    0.06987940
    0.08423904
    0.11852799
    0.04414849
   -0.15085545
    0.32705510
   -0.49211712
    0.07100416
    0.10070512
    0.10041899
