   -0.35002556
   -0.35016221
   -0.35116934
   -0.34950136
   -0.34781935
   -0.34558777
   -0.34651965
   -0.34832839
   -0.17496305
    0.31981526
    0.30084055
    0.29108017
   -0.17096209
    0.30040419
    0.31700653
    0.28571357
   -0.16369553
    0.29693776
    0.32150069
    0.30831412
   -0.17146538
    0.31441173
    0.30847771
    0.30093712
    0.23621731
    0.00466111
    0.05521417
    0.12180945
   -0.07710548
    0.03982529
    0.12211748
    0.23617735
    0.00523232
    0.05526944
    0.12239490
   -0.07655693
    0.04033481
    0.12298982
    0.23460727
    0.05633138
    0.00350487
    0.12279860
   -0.07617264
    0.04064940
    0.12344060
    0.23518366
    0.00341036
    0.05554467
    0.12205139
   -0.07698679
    0.03905402
    0.12210729
   -0.01847972
    0.06076215
   -0.00125283
   -0.05936164
    0.13902909
   -0.00324284
   -0.01863626
    0.05909744
   -0.00117956
   -0.06054173
    0.13793394
   -0.00249176
   -0.01943430
    0.06628276
   -0.00034542
   -0.06057202
    0.14173408
   -0.00206719
   -0.01944395
    0.06566166
   -0.00062589
   -0.06054815
    0.14153367
   -0.00321602
   -0.09380267
    0.10200578
    0.08109331
   -0.08388797
    0.05770904
    0.06012754
   -0.03563295
    0.09605899
    0.11370284
   -0.08729362
    0.09750530
    0.07011016
   -0.08283609
    0.05179060
    0.06907542
   -0.03710537
    0.11336704
    0.09151917
   -0.08913770
    0.09339353
    0.07423488
   -0.09076110
    0.06001540
    0.07343610
   -0.04806241
    0.13468739
    0.11749573
   -0.09941703
    0.10164829
    0.08899222
   -0.08773406
    0.06358316
    0.06506481
   -0.04147624
    0.10692187
    0.11656583
    1.12100399
   -0.48855039
   -0.49638476
   -0.52873106
   -0.52023530
