   -0.95190418
    0.00640066
    0.00633023
    0.00249732
    0.00267150
    0.00647794
    0.00647013
    0.00271597
    0.00273035
   -0.08825001
   -0.09252216
   -0.08791118
   -0.09259444
    0.16367777
    0.17021538
    0.16334624
    0.17010145
    0.02472274
   -0.08668375
   -0.08669781
    0.02479865
    0.02159173
    0.02276242
   -0.08385676
   -0.08384765
    0.02259971
    0.02155605
    0.02472681
   -0.08665343
   -0.08667535
    0.02477459
    0.02158800
    0.02262149
   -0.08393750
   -0.08391498
    0.02268599
    0.02156827
   -0.09852491
    0.04036751
    0.02709440
    0.02727139
   -0.10698168
    0.04107731
    0.03595274
    0.03751314
   -0.09839350
    0.03966445
    0.02764026
    0.02743508
   -0.10703471
    0.04108536
    0.03760790
    0.03615949
   -0.10697961
    0.04100978
    0.03606774
    0.03756098
   -0.09839042
    0.04020888
    0.02712515
    0.02731233
   -0.10704846
    0.04110847
    0.03761840
    0.03609571
   -0.09841698
    0.03977296
    0.02748000
    0.02735866
