   -0.24978016
   -0.25026823
   -0.25790329
   -0.25887098
   -0.24926095
   -0.25023736
   -0.25363406
   -0.24440143
   -0.25827366
   -0.25590813
   -0.10752756
   -0.08682193
    0.21800226
   -0.09703896
   -0.09306823
   -0.08378462
    0.01598182
    0.10437014
    0.10395389
    0.01635659
    0.03357950
    0.01682730
    0.11074233
    0.10826857
    0.01933371
    0.03467240
    0.01945223
    0.10232997
    0.10229960
    0.01667713
    0.03435616
    0.11603664
    0.02237685
    0.03446553
    0.01739436
    0.01504814
    0.11016980
    0.10427879
    0.11104615
    0.01824567
    0.03388874
   -0.12544166
    0.05569799
    0.05688461
    0.05735202
   -0.11369321
    0.04707356
    0.04891531
    0.05920929
   -0.11507864
    0.04473299
    0.05984583
    0.05101248
   -0.11822194
    0.06111184
    0.05244697
    0.04649148
   -0.11309221
    0.04017776
    0.05267711
    0.05158429
   -0.11433712
    0.04919922
    0.05986995
    0.04884317
   -0.12067125
    0.05080022
    0.05685763
    0.05254928
   -0.11941430
    0.05208594
    0.06128892
    0.05408816
   -0.12479465
    0.05566564
    0.05704412
    0.05643440
   -0.11404924
    0.04845020
    0.05846959
    0.04987676
    0.22186793
    0.21744947
    0.20634499
    0.21179234
   -0.91877194
