   -0.05601987
    0.03200407
    0.04215695
    0.01696825
    0.04279424
    0.04897200
    0.05416050
    0.05515607
    0.08377579
    0.04381102
    0.07311370
    0.05509464
    0.32367283
    0.04142868
    0.08169161
    0.05155374
    0.07853264
    0.04696247
    0.32698665
   -0.16293957
    0.32614608
   -0.15289614
   -0.16200965
    0.32305793
   -0.52499267
   -0.16179527
   -0.16297606
   -0.16243150
   -0.52645341
   -0.16601696
   -0.15766209
   -0.52666085
   -0.52618953
   -0.16152621
   -0.52556689
   -0.16167708
   -0.52363258
   -0.17845232
   -0.16277487
   -0.16197329
   -0.15080783
   -0.15875784
   -0.16282434
   -0.52564750
   -0.52619241
    0.05749033
    0.04290981
   -0.07044186
   -0.07043682
    0.07587626
    0.32341883
    0.32385480
    0.07375862
   -0.05964579
    0.32465749
    0.05316954
    0.08410543
    0.08529320
    0.32421177
    0.05279566
   -0.07094478
   -0.06641601
   -0.05664154
   -0.06850980
    0.04246047
   -0.07221082
   -0.05720325
    0.05396767
   -0.06572748
   -0.05469658
   -0.06583061
   -0.05966989
   -0.06351527
   -0.06093807
   -0.06371555
   -0.06641568
   -0.06609167
   -0.05349343
   -0.06245520
   -0.07131545
   -0.06631929
   -0.07117471
   -0.06766144
   -0.06249611
   -0.06522319
   -0.06308423
    0.05111027
    0.02505531
    0.04489118
   -0.05912126
    0.04422834
    0.02410101
    0.01551307
    0.01747795
    0.07545791
    0.07515271
    0.04276297
    0.08810472
    0.08706210
   -0.01650740
    0.04979019
    0.07566398
    0.07178774
    0.02238552
    0.08912491
    0.07986511
    0.03972597
    0.03120774
    0.04367260
    0.05740034
    0.05688789
    0.05755584
    0.05669770
    0.08748525
    0.08609614
    0.08788927
    0.08659435
    0.05297766
    0.02959978
    0.01574770
    0.07035267
    0.06885205
    0.07090442
    0.06994832
    0.01719104
    0.05983607
    0.05637139
    0.05148779
    0.05336625
    0.02767283
    0.05043036
    0.04650598
    0.06289805
    0.04557324
    0.06168927
    0.05667585
    0.04560544
    0.02833876
    0.01536094
    0.05481828
    0.05337908
    0.04120839
    0.02708887
    0.05293051
    0.05469735
    0.05333778
    0.02703805
    0.05848007
    0.03189111
    0.05904311
    0.02714817
    0.06204273
    0.03554086
    0.05714221
    0.05220166
    0.05425051
    0.04932138
    0.04193297
    0.02338767
    0.03106986
    0.05973497
    0.06168613
    0.05843884
    0.05207539
    0.05346165
    0.06109791
    0.05815705
    0.05401045
    0.05322467
    0.03078326
    0.05987225
    0.06116102
    0.03487979
    0.03220120
    0.06183119
    0.06723729
    0.05589421
   -0.18850224
    0.06434049
    0.04047595
    0.04653634
   -0.06415985
    0.04823421
    0.05359325
   -0.06092212
   -0.09874825
    0.05042383
    0.04696775
    0.09160273
    0.36683958
    0.08667274
   -0.40209595
   -0.46465410
    0.38433033
   -0.43784475
   -0.43636988
    0.74351582
   -0.43221040
   -0.42908725
