   -0.49644698
   -0.49523369
   -0.11140607
    0.19506356
   -0.16169411
    0.20141978
   -0.26678507
   -0.09316847
    0.19356101
   -0.09307028
    0.19467637
   -0.26921142
   -0.16089411
    0.20277964
   -0.10991460
    0.19345855
    0.04043371
   -0.02761492
   -0.02002286
   -0.01265140
    0.26446018
    0.06499250
    0.06173146
   -0.05459283
    0.01981489
   -0.04493035
    0.02583916
   -0.04162297
    0.02737307
   -0.05347864
    0.04986055
    0.06941970
   -0.00165452
    0.01543579
   -0.02515386
   -0.02880937
    0.04392717
   -0.02447445
    0.05716023
    0.04309680
   -0.02899591
   -0.02527556
    0.01596820
    0.06980584
   -0.00554798
    0.06179787
    0.06618286
   -0.05292689
    0.04978531
   -0.04081809
    0.02812994
   -0.04489851
    0.02554848
   -0.05398310
    0.01851746
    0.26454222
   -0.01272117
   -0.01981351
   -0.02740051
    0.04058319
   -0.02680325
    0.06438729
   -0.10319461
    0.04679448
    0.04138118
    0.03932332
    0.02764327
   -0.03451451
    0.02728302
   -0.03419701
    0.02781254
   -0.03691296
    0.02792423
   -0.03185145
    0.02470802
   -0.02648138
    0.01637094
   -0.05756342
    0.02993430
    0.04366356
   -0.04949910
    0.03471467
    0.03335618
   -0.09744592
    0.03264609
    0.02814301
    0.02689222
   -0.10452696
    0.04744506
    0.04136914
    0.04200118
    0.01227009
   -0.03827417
    0.03079296
   -0.04220541
    0.03278692
    0.01415989
   -0.04310740
    0.03140773
   -0.04085408
    0.03107139
   -0.11534693
    0.04542592
    0.04846822
    0.05151903
   -0.10648475
    0.04368279
    0.04412228
    0.04548408
   -0.05626437
    0.02725159
    0.04022017
   -0.04997146
    0.03697550
    0.03172876
   -0.09975582
    0.03513814
    0.03120579
    0.02706506
    0.02824016
   -0.02680220
    0.01648557
   -0.03179427
    0.02478879
   -0.03683526
    0.02795354
   -0.03403629
    0.02802000
   -0.03398369
    0.02682814
   -0.10339954
    0.04508132
    0.04066224
    0.04127219
    0.01886804
   -0.03820315
    0.03295060
   -0.03245089
    0.03352815
   -0.03587054
    0.03415200
   -0.03227970
    0.03384407
   -0.03715132
    0.03215892
   -0.89149519
