   -0.15511201
   -0.15718787
   -0.14850065
   -0.14775609
    0.32864682
    0.11799483
    0.04013733
    0.11950008
    0.03959387
    0.32790529
    0.07036160
    0.10005719
    0.10080289
    0.00188722
    0.06512137
    0.07718730
    0.00438302
   -0.04093807
    0.04197322
   -0.03174229
    0.04312566
   -0.03296398
    0.04470324
   -0.03058222
    0.04277103
   -0.03409510
    0.03782973
    0.00236452
    0.07732245
    0.06576645
    0.00478095
   -0.03400672
    0.03568402
   -0.03099698
    0.04197984
   -0.03377095
    0.04353103
   -0.03222727
    0.04334815
   -0.04070805
    0.04509960
   -0.50941287
   -0.51009972
   -0.15493163
   -0.15525705
   -0.14867290
   -0.14786677
    0.32868172
    0.12083849
    0.04065339
    0.11921449
    0.04205106
    0.32823340
    0.07437859
    0.09870399
    0.09714150
    0.00199837
    0.07928800
    0.06591391
    0.00427242
   -0.03394008
    0.03377481
   -0.03106663
    0.04251815
   -0.03362529
    0.04450542
   -0.03172961
    0.04334079
   -0.04039351
    0.04297152
    0.00098191
    0.06800873
    0.07871051
    0.00463452
   -0.03417656
    0.03645698
   -0.03094836
    0.04236921
   -0.03346280
    0.04400632
   -0.03202042
    0.04210891
   -0.04111561
    0.04469214
   -0.51369482
   -0.50925555
   -0.15692125
   -0.15593303
   -0.15320378
   -0.15016974
    0.33059593
    0.12560567
    0.03969682
    0.12368373
    0.04093700
    0.32850092
    0.07412948
    0.09826690
    0.09861042
    0.00443667
    0.06213169
    0.07705133
    0.00412421
   -0.04077249
    0.04347511
   -0.03161120
    0.04383297
   -0.03319981
    0.04533898
   -0.03079201
    0.04294121
   -0.03392986
    0.03555939
    0.00390311
    0.08043135
    0.06581728
    0.00428176
   -0.03350246
    0.02588117
   -0.03091042
    0.04271833
   -0.03391025
    0.04565442
   -0.03126861
    0.04513323
   -0.03867845
    0.04157878
   -0.51155557
   -0.51120825
   -0.15743134
   -0.15668073
   -0.15181843
   -0.14959170
    0.33125145
    0.12458647
    0.04102122
    0.12471319
    0.04046127
    0.32868506
    0.07301981
    0.09976692
    0.09828533
    0.00451765
    0.07807786
    0.06170640
    0.00421144
   -0.03412412
    0.03738129
   -0.03091656
    0.04248759
   -0.03333479
    0.04444195
   -0.03178608
    0.04241460
   -0.04151602
    0.04538916
    0.00303220
    0.06540271
    0.08204949
    0.00441717
   -0.03332361
    0.02914096
   -0.03080934
    0.04245414
   -0.03372407
    0.04525625
   -0.03162688
    0.04443793
   -0.03958579
    0.04208476
   -0.51455854
   -0.51093219
   -0.16132376
   -0.15820530
    0.33114482
    0.12583600
    0.03977939
    0.12599906
    0.03757751
    0.32873663
    0.07990954
    0.09440027
    0.09101180
    0.00553064
    0.07239348
    0.07310799
    0.00794281
   -0.03490983
    0.01891290
   -0.03134104
    0.04017758
   -0.03460643
    0.04391306
   -0.03018678
    0.04547019
   -0.03768975
    0.04002424
    0.00318189
    0.06488812
    0.07925606
    0.00443905
   -0.03365253
    0.03324725
   -0.03055955
    0.04232052
   -0.03318303
    0.04546720
   -0.03163742
    0.04446721
   -0.04038630
    0.04192002
   -0.15143731
   -0.15294686
   -0.51176755
   -0.51075187
   -0.52952277
   -0.38398705
    0.34678588
   -0.46041260
   -0.14358102
   -0.15229111
    0.32730768
    0.05513205
    0.03337441
    0.06143142
    0.02765210
   -0.01458234
    0.07176014
    0.06401641
    0.01925634
    0.06306417
    0.07490255
    0.09440390
    0.09646504
   -0.06272128
    0.04764052
    0.04886690
   -0.06577905
    0.05935024
    0.04637700
   -0.05786093
    0.04986034
    0.04903052
   -0.09540579
    0.09059095
    0.09216865
    0.36706303
   -0.19660167
   -0.98795888
