   -0.15315153
    0.00136927
    0.04571399
    0.02697749
    0.00197176
    0.06315477
    0.06126918
   -0.15516666
    0.22590191
    0.25683934
    0.06479210
   -0.23338235
   -0.03233287
    0.06370105
   -0.01553221
    0.05452815
   -0.03226562
    0.06344178
    0.06475277
    0.25677255
   -0.15465848
    0.22601548
    0.00167101
    0.06135220
    0.05857336
    0.00075139
    0.04548521
    0.02981790
   -0.14713596
    0.00110321
    0.04532844
    0.02913321
    0.00238025
    0.05802250
    0.05780110
   -0.15560678
    0.22627594
    0.25686327
    0.06476487
   -0.23263161
   -0.03226559
    0.06365230
   -0.01559982
    0.05462039
   -0.03227160
    0.06370747
    0.06468299
    0.25681415
   -0.15673431
    0.22688943
    0.00294003
    0.06134337
    0.06002406
    0.00197215
    0.04498847
    0.02657234
    0.00194510
    0.04722423
    0.02441770
    0.00239871
    0.05950278
    0.06141847
   -0.15611137
    0.22623557
    0.25694494
    0.06539875
   -0.23277680
   -0.03215578
    0.06337606
   -0.01552268
    0.05454569
   -0.03239934
    0.06361899
    0.06406532
    0.25712829
   -0.15566075
    0.22715310
    0.00235200
    0.06187218
    0.05755837
    0.00061378
    0.04468070
    0.03088048
   -0.50709202
   -0.50798029
   -0.50789028
   -0.50755980
   -0.50797795
   -0.50738116
   -0.79882024
