   -0.25881285
   -0.25524201
   -0.25609885
   -0.25488348
   -0.25388271
   -0.25599348
   -0.25744816
   -0.25541066
   -0.33704186
   -0.33974369
   -0.33272737
   -0.33561325
   -0.33772283
   -0.33712177
   -0.33799350
   -0.33498673
    0.13679823
   -0.00768541
   -0.10248307
    0.13606482
   -0.06170599
   -0.02997144
    0.36980164
   -0.04861160
    0.14980304
   -0.08842782
    0.15141322
   -0.06771199
    0.03594030
   -0.00475573
   -0.06637557
    0.04667574
    0.13494890
   -0.00148585
   -0.10851337
    0.13567644
   -0.05934443
   -0.03103274
    0.36964279
   -0.04572877
    0.15106442
   -0.08736064
    0.15124791
   -0.06913950
    0.04055640
   -0.00323001
   -0.06558851
    0.13481638
   -0.00286020
   -0.10736708
    0.13553491
   -0.04549667
   -0.03000089
    0.36998343
   -0.05833147
    0.15207532
   -0.08681897
    0.15067555
   -0.06658701
    0.04246258
   -0.00282311
   -0.06890981
    0.03978232
    0.13613024
   -0.00152692
   -0.10987566
    0.13521666
   -0.04582671
   -0.03148226
    0.36942321
   -0.05935523
    0.15069601
   -0.08823999
    0.15074917
   -0.06591326
    0.04598668
   -0.00513869
   -0.06780208
    0.03554322
    0.27098237
    0.01307331
    0.12697017
   -0.06571489
    0.04526650
    0.12753751
   -0.00383265
   -0.04513621
    0.08263619
   -0.00640022
    0.26772119
    0.01098956
    0.12666479
   -0.07016095
    0.04612408
    0.12714748
   -0.00396167
   -0.04532857
    0.08137049
   -0.00493279
    0.26930983
    0.12719588
   -0.06541498
    0.04477848
    0.12665426
   -0.00520478
   -0.04628625
    0.08660043
   -0.00379871
    0.26969509
    0.01334601
    0.12657014
   -0.06468310
    0.04943207
    0.12630295
   -0.00679058
   -0.04495663
    0.08477658
   -0.00558768
   -0.01193633
    0.06528001
   -0.01305190
    0.07128085
   -0.01042559
    0.06083838
   -0.01314842
    0.06598820
   -0.06235294
    0.06129168
    0.06628022
   -0.09678836
    0.08458484
    0.07959763
    0.37223809
   -0.47963659
   -0.40452318
   -0.06656582
    0.06722679
    0.07408295
   -0.09209195
    0.06605337
    0.09038391
    0.37429172
   -0.49712091
   -0.39560578
   -0.05984519
    0.06128079
    0.06678836
   -0.09750633
    0.08189428
    0.07433221
    0.37322443
   -0.48343366
   -0.40931729
   -0.06774858
    0.06787826
    0.06875028
   -0.10394446
    0.08400767
    0.11321166
    0.37142772
   -0.48543098
   -0.42043236
    0.41665626
    0.42191636
    0.41902629
    0.41284487
    0.09649822
    0.09391145
    0.09512975
   -0.46241171
    0.07678570
    0.09402448
    0.08482172
    0.09277873
    0.09446858
    0.07940541
    0.09303614
    0.08371157
   -0.45885450
   -0.46070714
   -0.45978840
   -0.40306587
    0.41045269
   -0.40336328
    0.41078366
   -0.40320108
    0.41093108
   -0.40360357
    0.41067436
    0.01036940
    0.09841647
    0.04089659
    0.07296790
    0.07450433
    0.04896889
    0.07424007
    0.07566166
    0.05534191
    0.06496716
    0.04954559
    0.06666862
    0.07223228
    0.05535421
    0.07389703
   -0.45496537
    0.78090103
   -0.45497994
   -0.46735002
   -0.45923982
