   -0.49896940
   -0.48502843
   -0.49508376
   -0.48875619
   -0.49955694
   -0.48941279
   -0.14865948
   -0.14231405
   -0.14660837
   -0.14290022
   -0.14487336
   -0.14341603
   -0.14518151
   -0.14077070
   -0.14304957
   -0.14380291
   -0.14119631
   -0.14050945
    0.32595525
    0.32148843
    0.11414039
    0.05227256
    0.11283917
    0.05433854
    0.32512111
    0.31715505
    0.11222386
    0.05763860
    0.11168047
    0.05877478
    0.32652532
    0.31708344
    0.11092716
    0.06001489
    0.11166707
    0.05933719
   -0.00868400
    0.06980578
    0.07531707
    0.07340176
    0.06980360
    0.09563530
    0.09495087
    0.07024318
    0.09099238
    0.09398272
    0.07189296
    0.09038210
    0.09333311
   -0.01529036
    0.07411783
    0.06598012
    0.08616468
   -0.00992937
    0.06856436
    0.07399727
    0.06946401
   -0.00452153
    0.08079442
    0.08388001
    0.07908350
   -0.00599591
    0.08009745
    0.08749016
    0.07535839
   -0.00531669
    0.07868823
    0.08594171
    0.08131664
   -0.49995361
   -0.47889493
   -0.49662870
   -0.48766040
   -0.49599840
   -0.48895321
   -0.14350239
   -0.14256155
   -0.14791578
   -0.13637708
   -0.14380029
   -0.14411881
   -0.14444454
   -0.14199783
   -0.14902365
   -0.14550102
   -0.14573644
   -0.14220444
    0.32667921
    0.32052977
    0.11274422
    0.05615101
    0.11074053
    0.05465326
    0.32484083
    0.31735835
    0.11099939
    0.06070660
    0.11314347
    0.05394219
    0.32670058
    0.32193071
    0.11255925
    0.05657251
    0.11433777
    0.05181700
   -0.00935158
    0.06451914
    0.07160467
    0.07493432
    0.06980447
    0.09593112
    0.09526546
    0.07025718
    0.09136802
    0.09176598
    0.07314789
    0.08931931
    0.09363005
   -0.00965574
    0.07881114
    0.07822914
    0.09356345
   -0.01006591
    0.06747999
    0.07562937
    0.06976771
   -0.00432224
    0.08106333
    0.08440576
    0.07777617
   -0.00853518
    0.07538732
    0.07895265
    0.06382253
   -0.01294425
    0.08795339
    0.07118699
    0.06674025
    0.04582197
    0.02483302
   -0.32104966
    0.07623831
    0.04324086
    0.04043244
    0.07644719
    0.04362689
   -0.32649670
    0.04213396
    0.07575393
    0.04123071
    0.07716015
    0.04064678
    0.03966692
    0.03926958
   -0.32772487
    0.02455560
    0.04064108
    0.04054785
    0.07729385
    0.04255163
   -0.32090604
    0.02355527
    0.07777239
    0.04075568
    0.08157174
    0.04033959
    0.03744267
    0.03976386
   -0.32788983
    0.07244406
    0.03823743
    0.05281251
    0.07910275
    0.03811209
   -0.32679120
    0.03626385
    0.02504400
    0.04020565
    0.07696355
    0.03925538
   -0.31763806
    0.07897056
    0.02893294
    0.07220193
    0.03717252
    0.05120669
    0.07725037
    0.04472465
   -0.32734819
    0.04093293
    0.07871460
    0.04200107
    0.08044038
    0.03627868
    0.03900564
    0.03438824
   -0.32743211
    0.03063067
    0.04187013
    0.03687561
    0.07577106
    0.04219482
   -0.32077092
    0.02461667
    0.07708544
    0.04079383
    0.08150384
    0.04156402
    0.03720816
    0.04029287
   -0.32790064
    0.07221207
    0.03779004
    0.05360133
    0.07884158
    0.03767406
   -0.32671964
    0.03690921
    0.02501735
    0.03999621
    0.07658814
    0.03963130
    0.07326509
    0.02616782
   -0.31989176
    0.07302962
    0.03789492
    0.05156771
    0.08097749
    0.03792547
   -0.32601439
    0.04077099
    0.07824587
    0.04200285
    0.07973659
    0.03704939
    0.03944286
    0.03570155
   -0.32784379
    0.02985648
    0.04211704
    0.03711931
    0.07657081
    0.07773675
    0.03554622
   -0.31922180
    0.08063313
    0.04048240
    0.03189374
    0.07484735
    0.03939250
   -0.33227386
    0.05104624
    0.07767394
    0.04302942
    0.07631822
    0.03651799
    0.03879084
    0.04072557
   -0.32654431
    0.02851531
    0.04000519
    0.03393709
    0.07717165
   -0.32139999
    0.04273644
    0.02460015
    0.07741117
    0.04110405
    0.04074908
    0.08153654
    0.03738933
   -0.32813578
    0.04001283
    0.07235315
    0.03779316
    0.07902596
    0.05337700
    0.03778500
    0.03652603
   -0.32670897
    0.02505992
    0.04007100
    0.03957899
    0.07669552
    0.07945507
   -0.31735031
    0.02887895
    0.07285902
    0.03783177
    0.07652080
    0.04850867
    0.04422578
    0.04180612
   -0.32787429
    0.07582284
    0.04198330
    0.04116086
    0.07749424
    0.03816940
   -0.32647265
    0.03762821
    0.02483790
    0.04008266
    0.07800004
    0.03920764
    0.03575279
    0.07574836
   -0.31841793
    0.08271200
    0.02856171
    0.04059492
    0.07701864
    0.04700069
   -0.33145432
    0.04106138
    0.08099778
    0.03255922
    0.07685537
    0.04195639
    0.04116861
    0.04021379
   -0.32904701
    0.02704673
    0.03788309
    0.04287967
    0.07471123
   -0.31879928
    0.05271836
    0.04761672
    0.07512083
    0.04085288
    0.04421579
    0.07674676
    0.04648268
   -0.33020354
    0.04066515
    0.07713737
    0.04188700
    0.07754189
    0.04060410
    0.03788402
    0.03759749
   -0.32656980
    0.02493042
    0.03973616
    0.03951269
    0.07779390
   -0.31826736
    0.02790295
    0.07643704
    0.07290960
    0.05036419
    0.03734973
    0.07730369
    0.04018418
   -0.32722394
    0.04479565
    0.07832485
    0.03689671
    0.08020413
    0.04159578
    0.03477180
    0.03907210
   -0.32775989
    0.02983261
    0.03715336
    0.04220263
    0.07680850
   -0.31881140
    0.03048101
    0.03991879
    0.07794766
    0.03783838
    0.03986012
    0.07851432
    0.04140979
   -0.32680500
    0.04155173
    0.07636850
    0.03993952
    0.07749421
    0.04081033
    0.03866468
    0.03965272
   -0.32770926
    0.02449087
    0.04030795
    0.04101132
    0.07765983
   -0.91554907
