   -0.50508205
   -0.51197301
   -0.50164782
   -0.51284035
   -0.50740471
   -0.50173711
   -0.15925996
   -0.14861401
   -0.13742640
   -0.13936760
   -0.15040358
   -0.15177937
   -0.14338050
   -0.14937977
   -0.15227193
   -0.15516494
   -0.15408128
   -0.14552196
    0.32735947
    0.32160277
    0.11127524
    0.05143733
    0.11412817
    0.04880395
    0.32641967
    0.32673019
    0.11807406
    0.04540296
    0.11733853
    0.04489441
    0.32634880
    0.32974487
    0.11153270
    0.05434503
    0.11806484
    0.04086821
   -0.01316370
    0.09666560
    0.09483422
    0.01817046
   -0.03589946
    0.01562769
   -0.02216641
    0.03087941
   -0.02529744
    0.37061179
   -0.02010518
    0.07012560
   -0.03517149
    0.07927486
   -0.01461610
    0.08652801
    0.10844349
    0.01582359
   -0.03765551
    0.06365419
   -0.02024838
    0.06114733
   -0.03193811
    0.36566880
   -0.03371225
    0.06998349
   -0.03197722
    0.04948674
    0.00019590
    0.07215304
    0.09812479
    0.01540539
   -0.03178714
    0.03292396
   -0.02254505
    0.06298228
   -0.02653626
    0.37326457
   -0.02567786
    0.07295666
   -0.03766873
    0.06338557
   -0.00575258
    0.08888035
    0.07493337
    0.01854103
   -0.02955860
    0.05265600
   -0.03214814
    0.07215148
   -0.03009039
    0.36594578
   -0.02027606
    0.06750818
   -0.03627720
    0.06523627
   -0.01440016
    0.09275287
    0.10761795
    0.01529064
   -0.03976014
    0.07564256
   -0.02755776
    0.07563517
   -0.03460790
    0.36620159
   -0.02244210
    0.05050984
   -0.03279033
    0.02459258
   -0.00738434
    0.07704132
    0.09874941
    0.01760212
   -0.03770712
    0.06709394
   -0.03321419
    0.07448726
   -0.03067771
    0.36585757
   -0.01941930
    0.06284109
   -0.02873826
    0.04873577
    0.06652077
    0.10227336
    0.10316817
    0.06856518
    0.09429449
    0.10008599
    0.06694469
    0.09966820
    0.10467392
   -0.50006154
   -0.51023945
   -0.50091960
   -0.50924176
   -0.50326019
   -0.50420148
   -0.16464191
   -0.14772435
   -0.15027346
   -0.14829506
   -0.15140839
   -0.14846329
   -0.14654729
   -0.14068677
   -0.15193482
   -0.15360003
   -0.15018339
   -0.14860713
    0.32653463
    0.32487703
    0.11334350
    0.05345247
    0.11923796
    0.04049741
    0.32629226
    0.32682064
    0.11319598
    0.04702044
    0.11462936
    0.04659767
    0.32606356
    0.32907409
    0.11390281
    0.04996232
    0.11934206
    0.04043703
   -0.00907379
    0.09289091
    0.09830116
    0.02122136
   -0.03131715
    0.01747429
   -0.01801607
    0.03460976
   -0.03324002
    0.36504016
   -0.02238583
    0.07725529
   -0.03067693
    0.07908792
   -0.00999554
    0.08650040
    0.10097025
    0.01419022
   -0.04181061
    0.07049673
   -0.02157994
    0.07629537
   -0.01721327
    0.37104310
   -0.02308738
    0.05890802
   -0.03251496
    0.03052283
   -0.00294994
    0.06626737
    0.08979313
    0.01601283
   -0.03139084
    0.06303790
   -0.03316014
    0.07498385
   -0.03085524
    0.36522389
   -0.01865467
    0.05636060
   -0.03716676
    0.06552442
   -0.00369143
    0.08409878
    0.07453592
    0.01815424
   -0.02925233
    0.04927423
   -0.03294646
    0.07372483
   -0.03069220
    0.36589979
   -0.02054877
    0.06963825
   -0.03635789
    0.06499666
   -0.01379827
    0.09336216
    0.10958049
    0.01659748
   -0.03981417
    0.07957571
   -0.02868906
    0.07516875
   -0.03411118
    0.36470634
   -0.01936624
    0.04247554
   -0.02922949
    0.02103086
   -0.00307724
    0.06835376
    0.09241038
    0.01696696
   -0.03792072
    0.06136090
   -0.02311028
   -0.02035793
   -0.02397655
   -0.03146522
    0.05279278
    0.06970351
    0.10178501
    0.09948583
    0.06559186
    0.10132020
    0.09880159
    0.06520969
    0.10353616
    0.10543782
   -0.39697626
    0.07132281
    0.07989691
    0.36366707
   -0.41440612
   -0.49285972
    0.41986464
   -0.49638591
    0.40969014
   -0.47030510
   -0.40283260
    0.40583350
   -0.47725154
   -0.40049144
    0.40369451
   -0.46065842
   -0.47473158
   -0.46578161
   -0.46275236
   -0.48352081
   -0.45547144
   -0.46830851
   -0.46675825
   -0.40887517
    0.40862612
   -0.41129703
    0.40551313
   -0.41200729
    0.40661104
   -0.40188490
    0.40352941
   -0.40916730
    0.41104198
   -0.41201704
    0.40568272
   -0.38772262
    0.38970113
   -0.39973220
    0.39121678
   -0.91786420
