   -0.50524458
   -0.49318371
   -0.49991795
   -0.49405497
   -0.50668212
   -0.49540748
   -0.15456417
   -0.14591017
   -0.15405697
   -0.14791608
   -0.14923277
   -0.14936930
   -0.15038183
   -0.14575116
   -0.14958849
   -0.15020982
   -0.14513826
   -0.14536300
    0.32577710
    0.32320098
    0.11318653
    0.05243948
    0.11140270
    0.05523532
    0.32500837
    0.31924506
    0.11084468
    0.05655076
    0.11126471
    0.05539149
    0.32623690
    0.31895886
    0.10979549
    0.05955178
    0.11090581
    0.05787781
   -0.00994130
    0.07645005
    0.07358944
    0.07597871
    0.06596799
    0.10605714
    0.10407580
    0.06504781
    0.10187133
    0.10545739
    0.06772863
    0.10045324
    0.10316637
   -0.01690449
    0.08124752
    0.06320535
    0.09094624
   -0.01140785
    0.07218684
    0.07745572
    0.06845668
   -0.00565039
    0.07849756
    0.08566031
    0.08430821
   -0.00794050
    0.07812978
    0.09104351
    0.08094628
   -0.00659698
    0.08466003
    0.08789079
    0.07886351
   -0.50604315
   -0.48553548
   -0.50283557
   -0.49362621
   -0.50281357
   -0.49760454
   -0.15069339
   -0.14817919
   -0.15596002
   -0.14282361
   -0.14910241
   -0.14968141
   -0.14886064
   -0.14622335
   -0.15472006
   -0.15015158
   -0.15320687
   -0.14958780
    0.32658911
    0.32300022
    0.11324474
    0.05353480
    0.11048585
    0.05390924
    0.32489867
    0.31916220
    0.11013017
    0.05905023
    0.11193584
    0.05379513
    0.32646799
    0.32367940
    0.11260073
    0.05447778
    0.11399796
    0.05111749
   -0.00995682
    0.07003534
    0.07092054
    0.07658988
    0.06628791
    0.10476668
    0.10514258
    0.06582146
    0.10164705
    0.10302210
    0.06941542
    0.09882096
    0.10353513
   -0.01092427
    0.08593183
    0.07516982
    0.09473114
   -0.01178191
    0.07406332
    0.07794820
    0.06856365
   -0.00623446
    0.07848222
    0.08678390
    0.08420226
   -0.01054343
    0.07461433
    0.08295745
    0.07000641
   -0.01468970
    0.08999397
    0.07956020
    0.06472214
    0.04949295
    0.03064551
   -0.33346382
    0.07507371
    0.04750214
    0.04450017
    0.07598744
    0.04722617
   -0.33901146
    0.04562500
    0.07555913
    0.04456578
    0.07766733
    0.04382381
    0.04219779
    0.04174617
   -0.34045738
    0.02672339
    0.04405294
    0.04392875
    0.07682344
    0.04719705
   -0.33477597
    0.02979945
    0.07620187
    0.04621603
    0.08042945
    0.04441452
    0.04229595
    0.04244940
   -0.34110501
    0.07134952
    0.04010611
    0.05745047
    0.07867958
    0.04000969
   -0.33998314
    0.04088578
    0.02638113
    0.04386483
    0.07678530
    0.04367819
   -0.32812528
    0.08154801
    0.03625382
    0.07086493
    0.04272134
    0.04983989
    0.07615540
    0.04993402
   -0.34272684
    0.04580133
    0.07735307
    0.04690095
    0.08006153
    0.04091623
    0.04259623
    0.03559048
   -0.34102229
    0.02926278
    0.04576304
    0.04070868
    0.08041139
    0.04734260
   -0.33471627
    0.03081128
    0.07572235
    0.04623957
    0.08017182
    0.04561011
    0.04194708
    0.04295500
   -0.34092053
    0.07091339
    0.04009092
    0.05808769
    0.07835191
    0.03995261
   -0.34005864
    0.04149663
    0.02624058
    0.04374431
    0.07659997
    0.04388023
    0.07614034
    0.03220047
   -0.33101612
    0.07123820
    0.04290748
    0.05145207
    0.07874525
    0.04469369
   -0.34154976
    0.04625903
    0.07689110
    0.04725059
    0.07917512
    0.04147232
    0.04326203
    0.03717930
   -0.34148694
    0.02856616
    0.04593917
    0.04097679
    0.08071524
    0.08573414
    0.04357997
   -0.33162886
    0.08052965
    0.04508021
    0.02902903
    0.07531079
    0.04613219
   -0.34705125
    0.05072790
    0.07720145
    0.04813814
    0.07562425
    0.03972628
    0.04170930
    0.04293598
   -0.33935466
    0.02848411
    0.04446717
    0.03846535
    0.07861323
   -0.33501455
    0.04735602
    0.03126463
    0.07602973
    0.04628015
    0.04531867
    0.08035049
    0.04166574
   -0.34101294
    0.04278905
    0.07100296
    0.03994666
    0.07853911
    0.05806857
    0.03989965
    0.04127525
   -0.34013424
    0.02630867
    0.04385160
    0.04381535
    0.07665225
    0.08132206
   -0.32817474
    0.03720338
    0.06971465
    0.04234851
    0.07550790
    0.05174698
    0.04876004
    0.04642030
   -0.34291951
    0.07526563
    0.04659684
    0.04476292
    0.07783954
    0.04062606
   -0.33844773
    0.03847578
    0.02654842
    0.04376942
    0.07853849
    0.04203008
    0.04294451
    0.08439032
   -0.33168402
    0.08182065
    0.02752180
    0.04568997
    0.07676277
    0.04840959
   -0.34688549
    0.04693033
    0.08029201
    0.03604159
    0.07656849
    0.04675978
    0.04204367
    0.04436970
   -0.34216216
    0.02610381
    0.04273542
    0.04805254
    0.07724858
   -0.33072498
    0.05778567
    0.04837286
    0.07292855
    0.04406482
    0.04948904
    0.07503378
    0.05162059
   -0.34430359
    0.04557341
    0.07656068
    0.04517780
    0.07806466
    0.04492647
    0.03980920
    0.04014995
   -0.33899990
    0.02692134
    0.04319848
    0.04288141
    0.07771462
   -0.32935909
    0.03467035
    0.07837974
    0.07158278
    0.05001134
    0.04207869
    0.07637304
    0.04539358
   -0.34218245
    0.04954257
    0.07717015
    0.04108704
    0.07961379
    0.04654328
    0.03663807
    0.04310049
   -0.34165981
    0.02865783
    0.04124017
    0.04607297
    0.08068732
   -0.33521239
    0.03614020
    0.05103189
    0.07715003
    0.04063747
    0.04567311
    0.07856681
    0.04321711
   -0.33935673
    0.04505634
    0.07632801
    0.04240928
    0.07791004
    0.04449247
    0.04093678
    0.04288674
   -0.34044158
    0.02645854
    0.04389539
    0.04468533
    0.07743225
   -0.92603767
