    0.32371566
    0.05504355
    0.01140607
    0.04242405
    0.04706662
   -0.05428491
    0.01927031
    0.04474881
   -0.06585839
    0.05680519
    0.04719185
   -0.06326985
    0.02927942
    0.06138225
   -0.07180786
    0.06019573
    0.06221902
    0.04284468
    0.32410764
    0.04295768
    0.04471876
    0.04901350
    0.02239232
   -0.07094477
    0.05843625
    0.05864605
   -0.06511687
    0.03236180
    0.06262129
   -0.06674847
    0.05579051
    0.05325485
   -0.05893050
    0.02245701
    0.05203438
    0.07471670
    0.08692130
    0.08806350
    0.32462507
    0.05671929
    0.00666683
    0.04338782
    0.04597873
   -0.05218018
    0.01120588
    0.04917146
   -0.06576419
    0.05091719
    0.05743965
   -0.06520219
    0.06135936
    0.03331238
   -0.07036924
    0.06021923
    0.05826998
    0.07045450
    0.08412986
    0.07288622
    0.32383481
    0.04250923
    0.04683343
    0.05334758
    0.01420751
   -0.07093392
    0.06067020
    0.05989781
   -0.06196448
    0.02633522
    0.06338878
   -0.06657268
    0.05722665
    0.05101049
   -0.05713508
    0.02192926
    0.04741619
    0.07355627
    0.08702671
    0.08824754
    0.32357046
    0.05042108
    0.01895205
    0.04246479
    0.04519283
   -0.05855569
    0.02258661
    0.05389573
   -0.06662305
    0.05118651
    0.05629958
   -0.06324465
    0.06023315
    0.02804438
   -0.07027081
    0.05875366
    0.05683629
    0.08345339
    0.07000636
    0.07276921
    0.32359078
    0.04167081
    0.04727973
    0.05390334
    0.01324583
   -0.07220476
    0.05844017
    0.06155624
   -0.06530555
    0.03378061
    0.06251902
   -0.06772209
    0.05512819
    0.05349071
   -0.05853741
    0.02319849
    0.05187071
    0.07292443
    0.08877147
    0.08783376
   -0.16346529
   -0.15913430
   -0.16410707
   -0.16481685
   -0.16671117
   -0.16251024
   -0.16044930
   -0.16377233
   -0.16143475
   -0.16243462
   -0.16025960
   -0.16342420
   -0.52291367
   -0.52901805
   -0.52511220
   -0.52811479
   -0.52596574
   -0.52612337
    0.04575916
    0.07404645
    0.08526895
    0.08319598
    0.32340908
    0.04170794
    0.04702835
    0.05354085
    0.01260812
   -0.07068951
    0.06000892
    0.05789117
   -0.06249284
    0.02696047
    0.06066101
   -0.06600052
    0.05717156
    0.04959217
   -0.06071167
    0.03298897
    0.04691643
    0.07384742
    0.08820316
    0.08758767
    0.32383985
    0.05548088
    0.00912598
   -0.06191805
    0.02872707
    0.05001006
   -0.06718178
    0.07190352
    0.05292072
    0.05521169
   -0.06392669
    0.07175060
    0.06315436
    0.03044403
   -0.07089714
    0.05957929
    0.05977304
    0.07286504
   -0.15832313
   -0.16353661
   -0.16402314
   -0.16429749
   -0.52667122
   -0.52676215
   -0.52377601
   -0.52305466
    1.09875837
   -0.52478859
   -0.51371026
