    0.12833282
    0.03200817
   -0.16076539
    0.32923768
   -0.50276951
   -0.14720767
    0.12670140
    0.03062294
   -0.15803967
    0.32894329
   -0.50612425
   -0.16150931
   -0.04286075
    0.06690704
    0.07371495
    0.08417984
    0.04664489
    0.06274703
   -0.11602704
    0.06577152
    0.04535563
    0.06717191
    0.00556150
   -0.03177485
   -0.01082941
   -0.02649774
    0.02229930
   -0.03034667
    0.04412830
   -0.02911804
    0.05042480
   -0.03229142
    0.06008581
    0.07216886
    0.10654891
    0.10656750
    0.12828104
    0.03209698
   -0.16080157
    0.32921411
   -0.50272616
   -0.14720312
    0.12670444
    0.03059065
   -0.15801387
    0.32894547
   -0.50612910
   -0.16149237
   -0.04289475
    0.07374175
    0.08434747
    0.06682629
    0.04664792
    0.06266513
   -0.11602762
    0.04533754
    0.06574851
    0.06723071
    0.00544507
   -0.03180279
   -0.01079033
   -0.02655162
    0.02232166
   -0.03032354
    0.04411835
   -0.02913115
    0.05040916
   -0.03223218
    0.06012156
    0.07859768
    0.10101352
    0.10106222
    0.12831494
    0.03208276
   -0.16081371
    0.32926496
   -0.50276425
   -0.14714238
    0.12679043
    0.03047503
   -0.15816067
    0.32895828
   -0.50613657
   -0.16156286
   -0.04287798
    0.06684929
    0.07380173
    0.08425438
    0.04661492
    0.06281786
   -0.11602185
    0.04531567
    0.06574338
    0.06723884
    0.00550657
   -0.03173552
   -0.01090720
   -0.02653980
    0.02236402
   -0.03035306
    0.04411000
   -0.02915285
    0.05041253
   -0.03240943
    0.06008792
    0.07220658
    0.10655363
    0.10655345
    0.12831489
    0.03208241
   -0.16081359
    0.32926508
   -0.50276432
   -0.14714244
    0.12679051
    0.03047525
   -0.15816092
    0.32895818
   -0.50613605
   -0.16156281
   -0.04287795
    0.07380166
    0.08425464
    0.06684918
    0.04661563
    0.06281650
   -0.11602176
    0.04531590
    0.06574380
    0.06723872
    0.00550679
   -0.03173569
   -0.01090828
   -0.02653973
    0.02236385
   -0.03035297
    0.04411013
   -0.02915283
    0.05041282
   -0.03241003
    0.06008808
    0.07859745
    0.10106246
    0.10101344
    0.12828087
    0.03209714
   -0.16080172
    0.32921392
   -0.50272609
   -0.14720374
    0.12670448
    0.03059038
   -0.15801491
    0.32894513
   -0.50612846
   -0.16149241
   -0.04289587
    0.06682669
    0.07374351
    0.08434777
    0.04664837
    0.06266406
   -0.11602774
    0.04533757
    0.06574857
    0.06723103
    0.00544505
   -0.03180275
   -0.01079063
   -0.02655138
    0.02232043
   -0.03032333
    0.04411849
   -0.02913092
    0.05040961
   -0.03223216
    0.06012203
    0.07216862
    0.10656735
    0.10654938
    0.12833254
    0.03200859
   -0.16076462
    0.32923740
   -0.50276938
   -0.14720780
    0.12670083
    0.03062250
   -0.15803954
    0.32894308
   -0.50612378
   -0.16150908
   -0.04286058
    0.07371346
    0.08418040
    0.06690751
    0.04664449
    0.06274768
   -0.11602717
    0.04535558
    0.06577143
    0.06717187
    0.00556155
   -0.03177477
   -0.01082926
   -0.02649754
    0.02229811
   -0.03034654
    0.04412836
   -0.02911789
    0.05042498
   -0.03229058
    0.06008608
    0.07854209
    0.10108590
    0.10108547
   -0.98549624
