   -0.34411652
   -0.34341521
   -0.34431430
   -0.34344263
   -0.34424432
   -0.34325109
   -0.34420763
   -0.34335192
   -0.16369052
    0.30212496
    0.31865444
    0.30759628
   -0.16349362
    0.31861901
    0.30752675
    0.30212073
   -0.16339529
    0.30215181
    0.31864357
    0.30705999
   -0.16332190
    0.30210817
    0.31886633
    0.30721392
    0.23262498
    0.00589253
    0.06302258
    0.12242833
   -0.07697694
    0.04766879
    0.12273641
    0.23261722
    0.00598235
    0.06304663
    0.12246018
   -0.07693092
    0.04779829
    0.12278407
    0.23254017
    0.06308895
    0.00601247
    0.12248009
   -0.07692664
    0.04779343
    0.12285182
    0.23263450
    0.00584766
    0.06306306
    0.12248951
   -0.07692599
    0.04770667
    0.12283834
   -0.01745910
    0.06261789
   -0.00256195
   -0.05383136
    0.11392138
   -0.00464184
   -0.01738968
    0.06239784
   -0.00260826
   -0.05376608
    0.11380880
   -0.00461900
   -0.01750094
    0.06268378
   -0.00262633
   -0.05387254
    0.11384848
   -0.00452945
   -0.01743960
    0.06260327
   -0.00253732
   -0.05403239
    0.11426053
   -0.00467536
   -0.08135267
    0.08457488
    0.06671061
   -0.08400274
    0.05768869
    0.06435767
   -0.03848185
    0.11742536
    0.11590631
   -0.08100756
    0.08437241
    0.06628030
   -0.08402477
    0.05730964
    0.06475884
   -0.03822230
    0.11746092
    0.11533975
   -0.08087778
    0.08402509
    0.06661813
   -0.08428262
    0.05802678
    0.06427989
   -0.03837000
    0.11742696
    0.11599219
   -0.08131311
    0.08436211
    0.06667779
   -0.08428218
    0.05786935
    0.06468663
   -0.03828308
    0.11711317
    0.11574325
   -0.98164638
