   -0.48761780
   -0.48739260
    0.13115217
   -0.11565024
   -0.11580605
   -0.04494659
    0.11264730
    0.09884637
   -0.00276914
    0.08890388
    0.08167797
   -0.15990825
    0.22850140
    0.26146874
    0.06451022
   -0.22702231
   -0.02951781
    0.06354851
   -0.01233746
    0.05195396
   -0.02951951
    0.06363704
    0.06457316
    0.26147471
   -0.15972824
    0.22830598
   -0.00305093
    0.08230119
    0.08873630
   -0.04515125
    0.11299530
    0.09908493
   -0.48732450
   -0.48758332
    0.13114958
   -0.11617087
   -0.11586346
   -0.04538697
    0.11127990
    0.09985588
   -0.00299210
    0.09039232
    0.08118385
   -0.15990714
    0.22803975
    0.26147893
    0.06460102
   -0.22761759
   -0.02947479
    0.06359514
   -0.01230423
    0.05215315
   -0.02958762
    0.06420808
    0.06426732
    0.26109483
   -0.15977360
    0.22930105
   -0.00233495
    0.08000187
    0.09057257
   -0.04437421
    0.11055856
    0.10032935
   -0.85800456
    0.11255960
    0.11109081
    0.10912859
    0.11142674
    0.10907129
    0.11264491
    0.11104245
    0.11250977
    0.10887246
    0.11228875
    0.10896733
    0.11113313
