   -0.51896103
   -0.51664803
   -0.50978106
   -0.52228655
   -0.50877239
   -0.51548272
   -0.50632699
   -0.51566928
   -0.50492746
   -0.51326775
   -0.51693166
   -0.51716684
   -0.14926095
   -0.15368017
   -0.15108510
   -0.14594006
   -0.15254770
   -0.15543976
   -0.15131169
   -0.15516489
   -0.15468292
   -0.15842878
   -0.15762893
   -0.15343044
   -0.15882215
   -0.15762781
   -0.15632702
   -0.15324129
   -0.15808869
   -0.14803772
   -0.15894334
   -0.15364999
   -0.14994169
   -0.15208113
   -0.14881169
   -0.16484204
    0.32762630
    0.11392727
    0.05086351
    0.32484619
    0.11086690
    0.05527293
    0.07367346
    0.10231120
    0.09326055
    0.32707164
    0.12002510
    0.05128296
    0.32430369
    0.11942082
    0.05177080
    0.07106121
    0.10393481
    0.10099975
    0.32703881
    0.12221490
    0.03234412
    0.32351357
    0.11473789
    0.05080721
    0.07464144
    0.10294745
    0.10256328
    0.32536788
    0.11994664
    0.04345059
    0.32448972
    0.11957071
    0.04401345
    0.06835739
    0.10836013
    0.10844512
    0.32674641
    0.11379609
    0.05375088
    0.32530356
    0.11982931
    0.03230880
    0.07030038
    0.10009094
    0.10196846
    0.32886659
    0.11345090
    0.04991670
    0.32526074
    0.11563441
    0.05187926
    0.06891468
    0.10536784
    0.10703224
   -0.41996462
   -0.49194832
   -0.01205159
    0.09141781
    0.07339498
   -0.06784754
    0.02016344
    0.06626064
   -0.05960322
    0.03189078
    0.03709682
   -0.06340588
    0.05047662
    0.05545495
   -0.10355655
    0.08215744
    0.10511035
    0.37071985
   -0.46310796
   -0.41745689
   -0.00528776
    0.05844917
    0.08947717
   -0.07559624
    0.07008724
    0.04573102
   -0.05795540
    0.05208632
    0.02492343
   -0.05368148
    0.03966113
    0.04568093
   -0.11342669
    0.07968541
    0.08863654
    0.36951352
    0.00659731
   -0.06621135
   -0.06769088
   -0.06110996
   -0.46038258
   -0.42527708
    0.00407795
    0.07873722
    0.05024580
   -0.06990501
    0.06520648
    0.04165692
   -0.05394812
    0.01411533
    0.04086318
   -0.05725533
    0.03969799
    0.05610166
   -0.11698919
    0.08728302
    0.10183565
    0.37019487
   -0.48010936
    0.00037115
    0.06768614
    0.07204798
   -0.06421867
    0.04304382
    0.03563072
   -0.07025807
    0.04783430
    0.05600867
   -0.06994994
    0.06293633
    0.06966353
   -0.11273490
    0.08672747
    0.07206017
    0.37212807
   -0.00187282
   -0.06649963
   -0.06844856
   -0.06009213
   -0.11507376
   -0.46541297
   -0.42468922
   -0.06666301
    0.37036656
   -0.40710196
    0.00166027
   -0.06528617
    0.37095817
    0.00031831
    0.06016443
    0.06637234
   -0.06723417
   -0.06912363
   -0.06123080
   -0.41661688
   -0.46368424
    0.00516495
    0.06095176
    0.05460852
   -0.06732991
    0.04314692
    0.05498735
   -0.06305572
    0.05009097
    0.03288243
   -0.06245645
    0.06547444
    0.05003579
   -0.11458197
    0.08844448
    0.08459218
    0.37055966
   -0.38867946
   -0.49109958
   -0.00515385
   -0.04502026
   -0.10230064
    0.36815584
   -0.46531971
   -0.42877098
   -0.00411133
   -0.07209255
   -0.07013408
   -0.11311212
    0.36712060
   -0.10267271
    0.37045389
   -0.46588552
    0.37024779
    0.00780981
   -0.06641730
   -0.05949323
   -0.11263809
   -0.06832504
   -0.10139379
   -0.50216441
   -0.06859944
   -0.46648019
   -0.42741996
   -0.11422228
    0.37028319
   -0.07901168
   -0.06253592
   -0.06091131
    0.05241475
    0.06528704
    0.09117054
    0.09723423
    0.04486375
    0.04969933
    0.03627580
    0.05575273
    0.05068349
    0.04767021
   -0.48750576
   -0.41853059
    0.41907214
    0.06576246
    0.07049997
   -0.42613976
    0.41727881
    0.09210000
    0.09444474
    0.04116842
    0.05141450
    0.04738940
    0.09240902
    0.09477804
    0.04830852
    0.05186657
    0.05295576
    0.09003878
    0.09163942
    0.05084080
    0.03922228
    0.05577158
    0.05505449
    0.41759686
    0.05570222
    0.08692565
    0.04079718
    0.05339027
    0.05184342
    0.05497728
    0.05317879
    0.04951656
    0.09592765
    0.08163555
    0.41208556
    0.03603260
    0.05320215
    0.05208882
    0.04742668
    0.04920862
    0.04454678
    0.05130754
    0.04585726
    0.05819162
    0.05901018
    0.03747672
    0.05452803
    0.04372777
    0.05009299
    0.09569066
    0.08736794
    0.41827670
    0.41566002
    0.41151033
    0.40755276
    0.41865220
    0.41827514
   -0.41098192
    0.41394649
    0.10119845
    0.07430321
    0.03445558
    0.04899010
    0.09232575
    0.03283049
    0.02142993
    0.10567377
    0.09907909
    0.38695422
    0.06717672
    0.07317344
    0.05101173
    0.04479962
   -0.93135644
