   -0.16028651
    0.00559552
    0.05473015
    0.01255436
    0.01660395
    0.04850177
    0.05581641
   -0.15252240
    0.18685364
    0.21282397
   -0.57260864
   -0.15931962
    0.17350678
    0.00485429
    0.07947595
    0.04659866
   -0.06456657
    0.04784528
    0.05581410
   -0.06298343
    0.05619300
    0.05853567
   -0.00453971
    0.04446715
    0.04921317
   -0.00203699
    0.07413624
    0.04467441
   -0.16429613
    0.18666057
    0.21040965
   -0.57211203
   -0.15891448
    0.18397838
   -0.00189542
    0.08254829
    0.05739485
   -0.06405232
    0.05350806
    0.04002859
   -0.06338870
    0.06457346
    0.05283426
    0.00342148
    0.04207778
    0.04528944
    0.00978708
    0.05759819
    0.04211851
   -0.17969502
    0.19059468
    0.21497088
   -0.56522420
   -0.16526376
    0.18379002
    0.01241443
    0.04796409
    0.06941476
   -0.05922025
    0.03577892
    0.05655825
   -0.06893911
    0.05387720
    0.06324372
    0.03790471
    0.08607453
    0.20927593
   -0.29693647
    0.00984742
    0.12736757
   -0.20477388
   -0.13765543
    0.08716285
    0.08690903
    0.08735421
    0.27071124
   -0.16383813
    0.21489333
   -0.48407290
    0.03779626
    0.08394235
    0.21230987
   -0.29539057
    0.00978536
    0.12672326
   -0.20329566
   -0.13770333
    0.08815083
    0.08576835
    0.08640509
    0.27019987
   -0.15995365
    0.21737667
   -0.48702703
    0.03822745
    0.08770091
    0.20990747
   -0.29384627
    0.00985962
    0.12642286
   -0.20651441
   -0.13562589
    0.08695788
    0.08188389
    0.08551362
    0.26975747
   -0.15994254
    0.21546529
   -0.48737607
   -0.94146767
