   -0.17404538
    0.23134186
    0.27152147
   -0.01994911
   -0.02193015
    0.06172597
   -0.01971206
    0.27245994
   -0.17308792
    0.22902378
    0.01112305
    0.05592607
    0.05559282
    0.00430275
    0.02258170
    0.05770086
   -0.19043426
    0.00494625
    0.04313333
    0.04053854
   -0.06976962
    0.04543880
    0.04540784
    0.08337396
    0.03949857
    0.02095898
   -0.35090349
    0.07434239
    0.06739537
    0.04622703
    0.07411699
    0.03667045
    0.04235697
   -0.34890556
    0.08211840
    0.04652072
    0.03972976
    0.08220128
    0.04456000
    0.03783236
   -0.34987188
    0.08641576
    0.02572639
    0.02617602
   -0.06604778
    0.06004085
    0.05307494
    0.01070754
    0.04374342
    0.01123472
   -0.19637596
    0.00342110
    0.06065005
    0.01961697
    0.01193192
    0.05854673
    0.05251793
   -0.02161466
    0.05190407
   -0.03110403
    0.05140859
   -0.02148191
    0.05189783
    0.01093267
    0.02123746
    0.05133644
   -0.01422823
    0.12282104
   -0.24502694
    0.12291742
   -0.01387769
    0.01162264
    0.05255408
    0.01563895
   -0.03903030
    0.04466487
   -0.03714209
    0.04613655
   -0.03779503
    0.04478443
   -0.02302114
   -0.02354155
   -0.03871785
    0.04432519
   -0.03691947
    0.04646893
   -0.03786324
    0.04521371
   -0.54759959
   -0.54307300
   -0.93726757
