   -0.50324695
   -0.50966625
   -0.49944487
   -0.51033092
   -0.50540825
   -0.49941922
   -0.16009880
   -0.15070281
   -0.13918097
   -0.14066923
   -0.15151187
   -0.15294656
   -0.14319923
   -0.14830079
   -0.15404130
   -0.15571917
   -0.15447718
   -0.14559620
    0.32724624
    0.32227416
    0.11403803
    0.05184597
    0.11729330
    0.04601050
    0.32635199
    0.32691192
    0.12045067
    0.03994112
    0.11842582
    0.04164657
    0.32642617
    0.33009219
    0.11470330
    0.05123814
    0.12024157
    0.03853868
   -0.01274775
    0.09602125
    0.09404742
    0.01838160
   -0.03576968
    0.01307229
   -0.02117064
    0.03092169
   -0.02505022
    0.37084915
   -0.02006927
    0.07181767
   -0.03531451
    0.08026763
   -0.01452757
    0.08522626
    0.10894845
    0.01561569
   -0.03769408
    0.06410004
   -0.02034193
    0.06115056
   -0.03162431
    0.36595105
   -0.03365259
    0.07055097
   -0.03197999
    0.05034944
   -0.00002395
    0.07230020
    0.09932016
    0.01517860
   -0.03176764
    0.03297282
   -0.02264688
    0.06309018
   -0.02662220
    0.37327665
   -0.02585052
    0.07350343
   -0.03739463
    0.06308334
   -0.00601733
    0.08966969
    0.07463742
    0.01841195
   -0.02952665
    0.05315440
   -0.03234229
    0.07236740
   -0.02987677
    0.36632063
   -0.02036556
    0.06709634
   -0.03639583
    0.06496632
   -0.01476720
    0.09402925
    0.10860964
    0.01485227
   -0.04008904
    0.07738546
   -0.02733478
    0.07684780
   -0.03404281
    0.36671696
   -0.02250341
    0.04759270
   -0.03280670
    0.02072063
   -0.00740071
    0.07658368
    0.09987972
    0.01760470
   -0.03760470
    0.06685350
   -0.03315091
    0.07470340
   -0.03057610
    0.36591158
   -0.01941982
    0.06341005
   -0.02875299
    0.04846901
    0.06612731
    0.10365404
    0.10608448
    0.06822461
    0.09550670
    0.10266887
    0.06688505
    0.10207370
    0.10723670
   -0.49805263
   -0.50860711
   -0.49790373
   -0.50768835
   -0.50097014
   -0.50177554
   -0.16633870
   -0.14921332
   -0.15057369
   -0.14915524
   -0.15272438
   -0.15008999
   -0.14699240
   -0.13968167
   -0.15441060
   -0.15460313
   -0.14953797
   -0.15046449
    0.32677427
    0.32523063
    0.11623333
    0.05449555
    0.12222916
    0.03742308
    0.32624966
    0.32729886
    0.11524184
    0.04522764
    0.11669018
    0.04333184
    0.32624174
    0.32941734
    0.11759525
    0.04554758
    0.12227558
    0.03770148
   -0.00860985
    0.09225481
    0.09849284
    0.02124680
   -0.03142907
    0.01497169
   -0.01916451
    0.03265034
   -0.03340954
    0.36565429
   -0.02310202
    0.07972113
   -0.02889054
    0.08074932
   -0.01021355
    0.08693351
    0.10174019
    0.01432007
   -0.04185106
    0.07166000
   -0.02191308
    0.07726430
   -0.01739434
    0.37043039
   -0.02294138
    0.05919820
   -0.03224868
    0.02948076
   -0.00143177
    0.06324171
    0.09007590
    0.01574104
   -0.03136494
    0.06300538
   -0.03310710
    0.07598550
   -0.03064153
    0.36508644
   -0.01846203
    0.05686542
   -0.03715956
    0.06516355
   -0.00359196
    0.08643057
    0.07490961
    0.01807263
   -0.02938839
    0.04658815
   -0.03299964
    0.07396864
   -0.03064015
    0.36596023
   -0.02030377
    0.07054116
   -0.03633136
    0.06537620
   -0.01384064
    0.09489844
    0.10929109
    0.01680263
   -0.04071530
    0.08133219
   -0.02826407
    0.07730747
   -0.03218402
    0.36619680
   -0.02051445
    0.04156777
   -0.02930772
    0.01593053
   -0.00129287
    0.06508420
    0.09109452
    0.01692819
   -0.03775494
    0.06166447
   -0.02314059
   -0.02022972
   -0.02398975
   -0.03166931
    0.05456317
    0.07011849
    0.10294246
    0.10063605
    0.06595052
    0.10227035
    0.10070762
    0.06524750
    0.10583072
    0.10788776
   -0.39542946
    0.07137739
    0.08052142
    0.36380236
   -0.41406537
   -0.49275332
    0.42021677
   -0.49544790
    0.40945162
   -0.47073750
   -0.40208520
    0.40453901
   -0.47543220
   -0.39914316
    0.40446672
   -0.45984509
   -0.47453515
   -0.46562025
   -0.46237701
   -0.48149387
   -0.45679135
   -0.46797963
   -0.46613638
   -0.40848904
    0.40841237
   -0.41124934
    0.40641986
   -0.41168701
    0.40663717
   -0.40138437
    0.40390342
   -0.40876450
    0.41173957
   -0.41175930
    0.40575701
   -0.38620145
    0.39130444
   -0.39954499
    0.39135446
   -0.97365950
