   -0.98460959
   -0.56669886
   -0.56672609
   -0.56676780
   -0.56671528
   -0.56671935
   -0.56677732
   -0.09018727
   -0.09020640
   -0.09024145
   -0.09015672
   -0.09009770
   -0.09029611
   -0.09018710
   -0.09020567
   -0.09024335
   -0.09015675
   -0.09010119
   -0.09028924
    0.20860890
    0.01718969
    0.06798814
    0.05548049
    0.01716999
    0.05551390
    0.06799659
    0.07671835
    0.08898183
    0.08893428
    0.20861219
    0.01723559
    0.05545807
    0.06799514
    0.01716798
    0.06792832
    0.05548345
    0.07671319
    0.08899891
    0.08894094
    0.20859109
    0.01718737
    0.06793184
    0.05554288
    0.01721630
    0.05543750
    0.06801185
    0.07670510
    0.08896519
    0.08898889
    0.20861050
    0.01719845
    0.05547492
    0.06798599
    0.01717516
    0.06799329
    0.05551029
    0.07671967
    0.08893626
    0.08897765
    0.20861145
    0.01723104
    0.06799765
    0.05546175
    0.01716536
    0.05548260
    0.06793093
    0.07671210
    0.08900084
    0.08894065
    0.20859022
    0.01718983
    0.05553987
    0.06792907
    0.01722221
    0.06800760
    0.05543604
    0.07670366
    0.08898354
    0.08897071
