   -0.34667494
   -0.34685939
   -0.34859211
   -0.34769591
   -0.34638856
   -0.34422800
   -0.34503533
   -0.34603242
   -0.15791998
    0.30367623
    0.31535067
    0.30503874
   -0.14985344
    0.31565164
    0.29974699
    0.30237176
   -0.16608109
    0.29980258
    0.31874651
    0.31248315
   -0.15998243
    0.30655075
    0.31488713
    0.30561575
    0.23398120
    0.00598718
    0.05871902
    0.12268866
   -0.07671860
    0.04332104
    0.12302351
    0.23424371
    0.00705582
    0.05858542
    0.12312151
   -0.07642126
    0.04407180
    0.12340485
    0.23312682
    0.05940860
    0.00560599
    0.12320668
   -0.07610104
    0.04397873
    0.12343572
    0.23333804
    0.00541234
    0.05891982
    0.12284785
   -0.07659179
    0.04321213
    0.12328145
   -0.02021781
    0.06523161
   -0.00253884
   -0.06095333
    0.12813772
   -0.00428062
   -0.01955611
    0.06181174
   -0.00237918
   -0.06195394
    0.12816097
   -0.00441862
   -0.02052944
    0.06672127
   -0.00180453
   -0.06160554
    0.13010868
   -0.00361629
   -0.02093334
    0.06667472
   -0.00269860
   -0.06229858
    0.13045057
   -0.00457096
   -0.09977677
    0.09551325
    0.08221750
   -0.08843047
    0.06128002
    0.06877036
   -0.04684927
    0.10879744
    0.12367420
   -0.09524419
    0.09344518
    0.07643595
   -0.08819101
    0.05837484
    0.07678283
   -0.04426836
    0.11270950
    0.10790043
   -0.09171581
    0.09182708
    0.07192330
   -0.09066325
    0.05979099
    0.07389641
   -0.04655340
    0.12415029
    0.11591419
   -0.10069836
    0.09615719
    0.08350322
   -0.08968239
    0.06272496
    0.06857741
   -0.04814079
    0.11122107
    0.12341870
    1.23001213
   -0.37069073
   -0.35934654
   -0.36489890
   -0.37262087
   -0.36418299
   -0.38272943
