   -0.50079543
   -0.50384874
   -0.49271819
   -0.50533200
   -0.50153796
   -0.49643381
   -0.15924310
   -0.15238689
   -0.14047908
   -0.13704258
   -0.15235170
   -0.15277428
   -0.14128242
   -0.14361169
   -0.15691644
   -0.15641245
   -0.15257795
   -0.14545476
    0.32644570
    0.32326060
    0.11709028
    0.03828743
    0.11669635
    0.03677223
    0.32505965
    0.32476632
    0.11964435
    0.02758425
    0.11470508
    0.03696238
    0.32554887
    0.32988769
    0.11843061
    0.03714329
    0.12309972
    0.03111162
   -0.01011910
    0.09084416
    0.08515729
    0.01923107
   -0.03451734
    0.01430660
   -0.02202480
    0.03868057
   -0.02497820
    0.37059330
   -0.01915894
    0.07146807
   -0.03361783
    0.08001440
   -0.01543186
    0.08472057
    0.11105088
    0.01599413
   -0.03828320
    0.06623232
   -0.02033575
    0.06105605
   -0.03140193
    0.36581105
   -0.03363276
    0.07060528
   -0.03223204
    0.05287622
    0.00031473
    0.07449153
    0.09404262
    0.01487090
   -0.03236696
    0.03791088
   -0.02313426
    0.06447735
   -0.02683033
    0.37310909
   -0.02621584
    0.07289966
   -0.03725367
    0.06255041
   -0.00776461
    0.09315396
    0.07387443
    0.01911809
   -0.03000085
    0.05572764
   -0.03230533
    0.07350382
   -0.02983661
    0.36613698
   -0.02036507
    0.06621915
   -0.03675437
    0.06556382
   -0.01642693
    0.09740439
    0.11036358
    0.01410652
   -0.04042264
    0.08178488
   -0.02754162
    0.07956368
   -0.03179442
    0.36805914
   -0.02294800
    0.04283817
   -0.03349245
    0.01379684
   -0.00746329
    0.07534905
    0.10103479
    0.01750994
   -0.03761693
    0.06760495
   -0.03320532
    0.07519025
   -0.03039793
    0.36601890
   -0.01953749
    0.06400580
   -0.02901790
    0.04855662
    0.06592648
    0.10864120
    0.11496536
    0.06524014
    0.09985936
    0.11002892
    0.06492569
    0.10654809
    0.11216974
   -0.49392121
   -0.50426775
   -0.49457237
   -0.50482454
   -0.49660104
   -0.49758521
   -0.16689106
   -0.15222432
   -0.15076648
   -0.14640031
   -0.15872759
   -0.15401527
   -0.14662092
   -0.13957781
   -0.15686541
   -0.15725673
   -0.15274355
   -0.15205576
    0.32607997
    0.32518244
    0.12199542
    0.04151558
    0.12566458
    0.02764211
    0.32680938
    0.32698601
    0.12092557
    0.03385367
    0.12123862
    0.03455212
    0.32592246
    0.33155313
    0.12471474
    0.03322231
    0.12697393
    0.02906314
   -0.00942338
    0.09258503
    0.09978493
    0.01924130
   -0.03227082
    0.00890196
   -0.02140936
    0.02903152
   -0.03172062
    0.36467784
   -0.02323506
    0.08440210
   -0.02923586
    0.08332827
   -0.00798067
    0.08285803
    0.10001805
    0.01489554
   -0.04157827
    0.07228058
   -0.02220737
    0.07846140
   -0.01722775
    0.37020694
   -0.02323312
    0.06061804
   -0.03223631
    0.03191532
   -0.00246333
    0.06138417
    0.09628049
    0.01584534
   -0.03115166
    0.06070193
   -0.03335113
    0.07713893
   -0.03048334
    0.36522117
   -0.01872542
    0.05872175
   -0.03684479
    0.06512375
   -0.00394994
    0.09105592
    0.07644505
    0.01728638
   -0.02975856
    0.04286979
   -0.03338627
    0.07393814
   -0.03058351
    0.36600689
   -0.02004449
    0.07134114
   -0.03651119
    0.06670348
   -0.01099504
    0.09304842
    0.10486333
    0.01791815
   -0.04087057
    0.08334236
   -0.03080732
    0.08326632
   -0.02762480
    0.36728886
   -0.01995587
    0.04189490
   -0.03002573
    0.00611952
    0.00520149
    0.07591705
    0.07474092
    0.02376143
   -0.03309573
    0.05899217
   -0.02073676
   -0.02175249
   -0.02488166
   -0.03315639
    0.03985412
    0.06981695
    0.10486544
    0.10483453
    0.06668439
    0.10401196
    0.10335049
    0.06560684
    0.10972848
    0.11050955
   -0.39491842
    0.07186947
    0.08061423
    0.36335459
   -0.41558430
   -0.49405232
    0.41978073
   -0.49442722
    0.40976643
   -0.46822456
   -0.39923382
    0.40087504
   -0.47121578
   -0.39156009
    0.40383323
   -0.45979956
   -0.47339311
   -0.46501587
   -0.46183333
   -0.47433106
   -0.46629112
   -0.46784873
   -0.46738860
   -0.40829703
    0.40925092
   -0.41178162
    0.40663062
   -0.41142355
    0.40691913
   -0.40099766
    0.40428243
   -0.40930623
    0.41217175
   -0.41178662
    0.40608064
   -0.38130798
    0.39580235
   -0.40146036
    0.39274593
   -0.99342054
