   -0.50201175
   -0.49196058
   -0.49786015
   -0.49465594
   -0.50321764
   -0.49606479
   -0.15331260
   -0.14489055
   -0.15172034
   -0.14666864
   -0.14805023
   -0.14815043
   -0.14910437
   -0.14435395
   -0.14876995
   -0.14911996
   -0.14390067
   -0.14389575
    0.32698445
    0.32360879
    0.11722778
    0.05139119
    0.11498993
    0.05384435
    0.32591994
    0.32008349
    0.11465696
    0.05677605
    0.11465713
    0.05517860
    0.32732396
    0.31969703
    0.11337643
    0.05901236
    0.11421101
    0.05752181
   -0.00869039
    0.07494464
    0.07352951
    0.07419541
    0.06733901
    0.10426894
    0.10250309
    0.06686690
    0.09980159
    0.10288457
    0.06922580
    0.09878118
    0.10085854
   -0.01626678
    0.07933945
    0.06458624
    0.08865333
   -0.00966586
    0.06929458
    0.07540345
    0.06944802
   -0.00512139
    0.07964611
    0.08627565
    0.08235162
   -0.00669185
    0.07916998
    0.08978539
    0.07937419
   -0.00619260
    0.08221747
    0.08886068
    0.08006862
   -0.50274955
   -0.48603331
   -0.50012935
   -0.49450513
   -0.49847762
   -0.49620613
   -0.14935814
   -0.14695428
   -0.15337834
   -0.14012643
   -0.14853660
   -0.14838661
   -0.14748756
   -0.14473847
   -0.15322344
   -0.14907884
   -0.15116572
   -0.14757337
    0.32773714
    0.32394510
    0.11686288
    0.05300340
    0.11385628
    0.05295036
    0.32576338
    0.31989827
    0.11394042
    0.05918587
    0.11492088
    0.05387066
    0.32746997
    0.32434909
    0.11652015
    0.05318743
    0.11722285
    0.04971987
   -0.00864527
    0.06709798
    0.07195540
    0.07559445
    0.06751603
    0.10293255
    0.10374252
    0.06784838
    0.09914092
    0.10043272
    0.07094501
    0.09701907
    0.10205207
   -0.00976993
    0.08414553
    0.07630197
    0.09325970
   -0.01036040
    0.07163174
    0.07659697
    0.06963243
   -0.00555429
    0.07961912
    0.08697267
    0.08230679
   -0.00904528
    0.07528071
    0.08099736
    0.06661865
   -0.01344382
    0.08759218
    0.07707632
    0.06607548
    0.04722556
    0.02840480
   -0.32727553
    0.07599451
    0.04508046
    0.04257233
    0.07650518
    0.04526471
   -0.33309311
    0.04416445
    0.07600939
    0.04303590
    0.07781843
    0.04211196
    0.04084596
    0.04013784
   -0.33343869
    0.02743223
    0.04208515
    0.04191066
    0.07525000
    0.04456573
   -0.32826544
    0.02746710
    0.07705693
    0.04353164
    0.08102529
    0.04261418
    0.03953458
    0.04189080
   -0.33493672
    0.07185965
    0.03828879
    0.05667359
    0.07892845
    0.03786789
   -0.33270001
    0.03963806
    0.02732606
    0.04152886
    0.07499925
    0.04156772
   -0.32309900
    0.07951018
    0.03332079
    0.07075148
    0.04091787
    0.05079001
    0.07666475
    0.04736825
   -0.33536512
    0.04346716
    0.07770802
    0.04375362
    0.08011770
    0.03970031
    0.04060927
    0.03536277
   -0.33390128
    0.02945673
    0.04307461
    0.03891701
    0.07929257
    0.04447602
   -0.32795164
    0.02861421
    0.07663221
    0.04362945
    0.08073256
    0.04338837
    0.03958629
    0.04226688
   -0.33472223
    0.07182706
    0.03846185
    0.05648712
    0.07878661
    0.03808124
   -0.33276794
    0.03967864
    0.02733278
    0.04132676
    0.07483882
    0.04166311
    0.07478930
    0.03011723
   -0.32555652
    0.07118509
    0.04167289
    0.05190924
    0.07892472
    0.04266902
   -0.33435162
    0.04375159
    0.07746819
    0.04408935
    0.07950396
    0.03986596
    0.04096664
    0.03665225
   -0.33400592
    0.02921074
    0.04318936
    0.03940579
    0.07870227
    0.08177086
    0.04122699
   -0.32610203
    0.08029107
    0.04373020
    0.03104354
    0.07552384
    0.04203195
   -0.33977322
    0.05096073
    0.07850237
    0.04447206
    0.07550828
    0.03762450
    0.03998791
    0.04363922
   -0.33286205
    0.02943752
    0.04174435
    0.03753435
    0.07576734
   -0.32854564
    0.04466990
    0.02890975
    0.07686726
    0.04384130
    0.04320568
    0.08096207
    0.03926070
   -0.33465879
    0.04197675
    0.07198675
    0.03846339
    0.07887554
    0.05624741
    0.03810425
    0.03964927
   -0.33287987
    0.02734341
    0.04147728
    0.04167505
    0.07493926
    0.07962225
   -0.32326812
    0.03442502
    0.06950577
    0.04094088
    0.07624516
    0.05286922
    0.04609607
    0.04368495
   -0.33544059
    0.07584471
    0.04442342
    0.04231731
    0.07790997
    0.03974549
   -0.33188775
    0.03765528
    0.02731118
    0.04172833
    0.07629345
    0.04061138
    0.04070853
    0.08087693
   -0.32560152
    0.08227352
    0.02831270
    0.04343557
    0.07728917
    0.04734291
   -0.33940526
    0.04357835
    0.08120943
    0.03430740
    0.07730694
    0.04368664
    0.04126885
    0.04215102
   -0.33494182
    0.02734755
    0.04084763
    0.04515106
    0.07509017
   -0.32396233
    0.05677913
    0.04719308
    0.07379530
    0.04226674
    0.04687353
    0.07544989
    0.05017693
   -0.33798182
    0.04348252
    0.07703922
    0.04380462
    0.07829231
    0.04275068
    0.03833501
    0.03850499
   -0.33209716
    0.02769580
    0.04113738
    0.04091696
    0.07595553
   -0.32425240
    0.03215803
    0.07646386
    0.07152275
    0.05089152
    0.04038460
    0.07690938
    0.04309406
   -0.33496079
    0.04689275
    0.07760628
    0.03965199
    0.07979710
    0.04362526
    0.03605471
    0.04087391
   -0.33422016
    0.02914137
    0.03961606
    0.04338903
    0.07881733
   -0.32841112
    0.03368859
    0.04795759
    0.07809849
    0.03877340
    0.04347303
    0.07923582
    0.04100721
   -0.33317676
    0.04319063
    0.07679813
    0.04091732
    0.07805744
    0.04250292
    0.03980124
    0.04120020
   -0.33333134
    0.02716150
    0.04196883
    0.04264553
    0.07570593
   -0.97553798
