    0.74080238
   -0.55077453
   -0.55146186
   -0.10877203
   -0.10896535
   -0.10818655
   -0.10928819
    0.20504163
    0.04637520
    0.04377742
    0.04857310
    0.04179780
   -0.06317646
    0.05595125
    0.04807700
   -0.06128546
    0.05058938
    0.04120333
   -0.06127276
    0.04403452
    0.05059121
   -0.05465774
    0.03896557
    0.04801936
    0.08601569
    0.07515222
    0.07444141
    0.20429861
    0.04593279
    0.04481256
    0.04880593
    0.03971982
   -0.06318116
    0.05640547
    0.04875092
   -0.06166326
    0.04124429
    0.05141483
   -0.06178065
    0.04482383
    0.04965929
   -0.05623314
    0.04966786
    0.04094807
    0.07830726
    0.08780370
    0.08729969
   -0.54994159
   -0.55224618
   -0.10780964
   -0.10965164
   -0.10838243
   -0.10901950
    0.20439050
    0.04603333
    0.04495735
    0.04933661
    0.03866706
   -0.06313846
    0.05644915
    0.04895353
   -0.06110968
    0.05136859
    0.04030755
   -0.06162842
    0.04475153
    0.05051561
   -0.05399675
    0.03683739
    0.04879187
    0.08599039
    0.07460673
    0.07445608
    0.20481375
    0.04615433
    0.04391150
    0.04627811
    0.04671164
   -0.06356586
    0.05676341
    0.04773801
   -0.06168299
    0.04115701
    0.05090379
   -0.06156947
    0.04458803
    0.04935531
   -0.05612088
    0.04891105
    0.04073732
    0.07757995
    0.08814364
    0.08776086
   -0.55013544
   -0.55031805
   -0.10785201
   -0.10753281
   -0.10822962
   -0.10761398
    0.20445238
    0.04557039
    0.04533220
    0.04947168
    0.03810158
   -0.06299067
    0.05534917
    0.04884338
   -0.06142547
    0.05070622
    0.04083397
   -0.06162150
    0.04478647
    0.05027010
   -0.05552289
    0.03927370
    0.04974110
    0.08473360
    0.07543922
    0.07500487
    0.20400152
    0.04525270
    0.04587339
    0.04970669
    0.03554017
   -0.06406391
    0.05755828
    0.04891823
   -0.06158143
    0.03986834
    0.05141510
   -0.06231336
    0.04474094
    0.05010660
   -0.05837827
    0.05058040
    0.04398040
    0.07781081
    0.08791312
    0.08777254
   -0.54893387
   -0.55157052
   -0.10809045
   -0.10807668
   -0.10733058
   -0.10747945
    0.20399791
    0.04540196
    0.04607239
    0.05022569
    0.03455681
   -0.06387364
    0.05737768
    0.04916045
   -0.06143494
    0.05142206
    0.03975187
   -0.06215029
    0.04507070
    0.05030040
   -0.05588023
    0.03858817
    0.05064189
    0.08464740
    0.07521954
    0.07502528
    0.20436379
    0.04534644
    0.04523906
    0.04776986
    0.04170331
   -0.06345506
    0.05614956
    0.04855242
   -0.06139495
    0.03988022
    0.05098704
   -0.06190264
    0.04489225
    0.04965809
   -0.05763693
    0.05004942
    0.04298646
    0.07706968
    0.08839222
    0.08820875
   -0.43520314
   -0.43533259
   -0.43489907
   -0.43009529
