   -0.05714364
    0.01975061
    0.04125562
    0.01820208
    0.04109063
    0.04959817
    0.05177975
    0.05281000
    0.07972571
    0.04137069
    0.07173408
    0.05586176
    0.32294838
    0.04001563
    0.08122603
    0.05292293
    0.07478145
    0.04326355
    0.32452447
   -0.15994055
    0.32353970
   -0.15136747
   -0.16263850
    0.32222449
   -0.52397426
   -0.16183717
   -0.16417103
   -0.16245628
   -0.52424379
   -0.16390687
   -0.15373531
   -0.52330816
   -0.52482446
   -0.16249131
   -0.52026082
   -0.16312730
   -0.52239233
   -0.17729517
   -0.16319044
   -0.16340832
   -0.15655171
   -0.16275175
   -0.16209923
   -0.52139678
   -0.52425018
    0.05530255
    0.04129090
   -0.07262715
   -0.07331072
    0.07169074
    0.32307864
    0.32304468
    0.07187898
   -0.05747711
    0.32303396
    0.05160714
    0.08256300
    0.08224462
    0.32299811
    0.05257670
   -0.07310740
   -0.06860984
   -0.05801439
   -0.07088740
    0.04154027
   -0.07323580
   -0.05786333
    0.05263690
   -0.06904914
   -0.05523312
   -0.06865597
   -0.05802620
   -0.06490372
   -0.06207356
   -0.06492126
   -0.06956167
   -0.06858742
   -0.05466754
   -0.06558486
   -0.07272286
   -0.06869611
   -0.07281582
   -0.06882640
   -0.06446229
   -0.06556642
   -0.06486910
    0.05283614
    0.01703271
    0.04820654
   -0.05847709
    0.04853581
    0.01620136
    0.01510809
    0.01342393
    0.07996191
    0.07868424
    0.04900145
    0.09025801
    0.08965148
   -0.01947979
    0.05325752
    0.07758278
    0.07324565
    0.01156255
    0.09486801
    0.08205295
    0.04798608
    0.02395689
    0.04846609
    0.06090641
    0.06155945
    0.06161084
    0.06211851
    0.09148149
    0.09039844
    0.08979176
    0.08969967
    0.05144257
    0.01763191
    0.01493869
    0.07324100
    0.07292546
    0.07399917
    0.07345729
    0.01296103
    0.06209059
    0.06252409
    0.05263142
    0.05872040
    0.01891200
    0.05314020
    0.05183618
    0.06660745
    0.04850880
    0.06203224
    0.06104327
    0.05045094
    0.01843536
    0.01316976
    0.05484270
    0.05988852
    0.04556253
    0.01636936
    0.05352971
    0.05964065
    0.05169280
    0.01830728
    0.06374093
    0.02878115
    0.06394536
    0.02194810
    0.06595559
    0.02874246
    0.06113291
    0.05442580
    0.05897168
    0.05285748
    0.04510930
    0.01543815
    0.02985093
    0.06563711
    0.06171102
    0.06217004
    0.05242856
    0.05890592
    0.06142983
    0.06157946
    0.05306036
    0.05848798
    0.02823853
    0.06436867
    0.06438626
    0.02998703
    0.02878789
    0.06412435
    0.06127718
    0.05799435
   -0.18382332
    0.07295248
    0.04643514
    0.04099352
   -0.06614681
    0.04905573
    0.05950713
   -0.06155940
   -0.10061616
    0.04847048
    0.04891285
    0.09327426
    0.36663394
    0.09089011
   -0.40311873
   -0.46500888
    0.38343047
   -0.36264357
   -0.36273648
   -0.35469960
    1.16853966
   -0.35411891
   -0.36903454
   -0.37008050
