   -0.97070367
   -0.17554981
   -0.41692620
    0.41679532
   -0.16148715
    0.08260350
    0.09237556
    0.09208938
   -0.20804215
   -0.15767529
    0.33152639
   -0.17820702
   -0.15381828
   -0.01141438
    0.07171515
    0.03814703
   -0.17615431
   -0.53358008
   -0.15875205
    0.07762149
   -0.00372860
   -0.18164381
   -0.49489242
   -0.15661302
    0.07176177
   -0.00280544
   -0.17507564
   -0.52274272
   -0.15716153
    0.02345997
    0.03564141
   -0.52994440
   -0.15340619
   -0.06269713
    0.05447143
    0.05833550
   -0.41291027
    0.42111748
   -0.15517137
   -0.06222484
    0.03515699
    0.06039513
   -0.49776741
   -0.15486749
   -0.06392415
    0.05182368
    0.06156685
   -0.51895129
   -0.15472932
   -0.10524656
    0.10475602
    0.09333341
   -0.40244445
    0.42386528
   -0.15230692
    0.37141940
   -0.52923014
   -0.15925969
    0.07044268
    0.10206873
    0.10339206
   -0.49087041
    0.33215835
   -0.41761111
    0.41665995
   -0.01718460
    0.07756204
    0.04610014
   -0.53965604
    0.07204648
    0.00281970
   -0.49049002
    0.07142102
    0.00044164
    0.02531978
    0.03039866
   -0.06619142
    0.06717106
    0.05360569
   -0.07025913
    0.05877314
    0.07146920
   -0.04774888
    0.01582880
    0.03734311
   -0.10363466
    0.10112103
    0.10088159
    0.37248506
    0.07784116
    0.09880327
    0.09300564
    0.33052457
   -0.01667109
    0.07871282
    0.06184040
    0.07942759
   -0.00472470
    0.07555423
   -0.01069736
    0.02798877
    0.03974872
   -0.06015119
    0.05296083
    0.05308377
   -0.06792363
    0.04819999
    0.06907995
   -0.06130566
    0.03247979
    0.06486408
   -0.10449324
    0.10082913
    0.10391929
    0.37323957
    0.07594390
    0.10272597
    0.09292590
    0.33294549
   -0.01637963
    0.07197674
    0.04639494
    0.07239912
    0.00728439
    0.07289453
   -0.00343729
    0.02405335
    0.03352895
   -0.06595740
    0.05780211
    0.06026836
   -0.07186989
    0.06313822
    0.06953905
   -0.05313814
    0.03101943
    0.03753399
   -0.50810019
   -0.10437280
    0.10236148
    0.09784125
    0.37180928
    0.08600334
    0.08840539
    0.09000041
    0.33248438
   -0.01546970
    0.07045634
    0.05621419
    0.08108388
   -0.01050903
    0.07142707
   -0.00267609
    0.02548098
    0.03444186
   -0.06291510
    0.05520116
    0.05707032
   -0.06290587
    0.03869175
    0.05942746
   -0.06400493
    0.05038266
    0.06034978
   -0.10555942
    0.09666138
    0.10473424
    0.37125684
    0.07234356
    0.10222716
    0.09983316
    0.33218338
   -0.01632031
    0.07105425
    0.05443126
    0.07520517
    0.00077203
    0.07208735
   -0.00267658
    0.02501675
    0.03353903
   -0.06083843
    0.04696304
    0.05893561
   -0.06102047
    0.06035162
    0.03280673
   -0.06365380
    0.06232249
    0.04785333
   -0.10566779
    0.10631320
    0.09803814
    0.37154964
   -0.41890585
    0.41763192
   -0.50936628
   -0.40514808
    0.41535110
