    0.11572459
    0.05385872
   -0.15560034
    0.32762275
   -0.51459719
   -0.14381576
    0.11451412
    0.05563071
   -0.15123169
    0.32855906
   -0.52042898
   -0.15207628
   -0.04458826
    0.08059589
    0.07875002
    0.06123815
    0.04308817
    0.06245844
   -0.11056105
    0.04306413
    0.05806095
    0.06620393
    0.00095441
   -0.03532066
    0.04210708
   -0.03169362
    0.03910970
   -0.03375393
    0.04104556
   -0.03262108
    0.03961295
   -0.04202697
    0.04065760
    0.07252836
    0.09961738
    0.09939133
    0.11576297
    0.05337537
   -0.15643473
    0.32777157
   -0.51446564
   -0.14356236
    0.11460466
    0.05528940
   -0.15061361
    0.32843420
   -0.51998508
   -0.15207154
   -0.04476019
    0.08040223
    0.07929501
    0.06123396
    0.04264926
    0.06237683
   -0.11062695
    0.04171385
    0.05784007
    0.06567559
    0.00111415
   -0.03580042
    0.04505663
   -0.03185533
    0.03879160
   -0.03395331
    0.04029232
   -0.03284924
    0.03889147
   -0.04257601
    0.04182559
    0.07172668
    0.09521857
    0.09524927
    0.11574106
    0.05337809
   -0.15647921
    0.32777751
   -0.51442389
   -0.14349605
    0.11462498
    0.05517779
   -0.15062732
    0.32842279
   -0.51994864
   -0.15206852
   -0.04482116
    0.08049040
    0.07926823
    0.06127218
    0.04268442
    0.06226905
   -0.11063494
    0.04168554
    0.05782533
    0.06568269
    0.00112448
   -0.03582119
    0.04516702
   -0.03186248
    0.03878661
   -0.03396109
    0.04027788
   -0.03285580
    0.03887109
   -0.04258032
    0.04182811
    0.07247686
    0.09944342
    0.09969006
    0.11573186
    0.05378261
   -0.15579053
    0.32764309
   -0.51451989
   -0.14372424
    0.11450820
    0.05554105
   -0.15118419
    0.32853158
   -0.52032541
   -0.15204581
   -0.04459374
    0.08042244
    0.07898214
    0.06127650
    0.04298767
    0.06242832
   -0.11056201
    0.04285928
    0.05800878
    0.06612504
    0.00100050
   -0.03541488
    0.04284205
   -0.03172118
    0.03909166
   -0.03379086
    0.04092724
   -0.03269129
    0.03944450
   -0.04215801
    0.04100629
    0.07110129
    0.09471648
    0.09474834
    0.11582099
    0.05360556
   -0.15617950
    0.32771899
   -0.51450390
   -0.14377279
    0.11455688
    0.05574062
   -0.15080899
    0.32858652
   -0.52061676
   -0.15211305
   -0.04459765
    0.08025714
    0.07921621
    0.06121025
    0.04317465
    0.06184798
   -0.11056224
    0.04252861
    0.05803503
    0.06600349
    0.00096973
   -0.03553358
    0.04340374
   -0.03178157
    0.03904204
   -0.03382109
    0.04079757
   -0.03270960
    0.03928916
   -0.04229568
    0.04168878
    0.07256767
    0.09934617
    0.09943832
    0.11580448
    0.05364042
   -0.15607296
    0.32770384
   -0.51457250
   -0.14374167
    0.11456842
    0.05571429
   -0.15090732
    0.32862173
   -0.52060676
   -0.15211714
   -0.04463805
    0.08040957
    0.07911500
    0.06122673
    0.04327330
    0.06174740
   -0.11059288
    0.04265199
    0.05805108
    0.06618370
    0.00093964
   -0.03547044
    0.04299464
   -0.03173105
    0.03904898
   -0.03377771
    0.04086539
   -0.03264963
    0.03942664
   -0.04215739
    0.04128376
    0.07122364
    0.09475040
    0.09452583
   -0.94097000
