   -0.91595084
   -0.51686707
   -0.51065032
   -0.51504557
   -0.51454444
   -0.51500483
   -0.51253701
   -0.15702218
   -0.14911345
   -0.15088510
   -0.15189048
   -0.14979538
   -0.15296435
   -0.14929587
   -0.14741607
   -0.15627257
   -0.15185234
   -0.14953154
   -0.14998630
    0.32927325
    0.32842499
    0.11886776
    0.05120634
    0.12175235
    0.04366524
    0.32936411
    0.32857443
    0.11811904
    0.05110738
    0.11906327
    0.04856943
    0.32906987
    0.32834031
    0.11968848
    0.04973194
    0.12058973
    0.04812421
   -0.00078100
    0.08272316
    0.07695707
    0.00729266
   -0.03542527
    0.00876456
   -0.02939411
    0.02291833
   -0.03048776
    0.04263935
   -0.02836168
    0.04863446
   -0.03565777
    0.04769431
    0.00403717
    0.06104076
    0.07633505
    0.00482093
   -0.04032366
    0.04307340
   -0.03167675
    0.04286616
   -0.03392833
    0.04393384
   -0.03109687
    0.04157984
   -0.03406868
    0.03267419
    0.00414307
    0.06374110
    0.07661681
    0.00369415
   -0.03409436
    0.03553581
   -0.03087670
    0.04127879
   -0.03323337
    0.04349002
   -0.03179125
    0.04227667
   -0.04112445
    0.04387148
    0.00268945
    0.07776565
    0.06459951
    0.00497972
   -0.03338175
    0.03019218
   -0.03129073
    0.04114211
   -0.03438032
    0.04302059
   -0.03171077
    0.04290576
   -0.04001273
    0.04454398
   -0.00088977
    0.08477487
    0.07538875
    0.00782056
   -0.03773210
    0.04535479
   -0.02939238
    0.04733835
   -0.03206602
    0.04124516
   -0.03095191
    0.02904100
   -0.03511731
    0.00587002
    0.00307483
    0.06580559
    0.07875489
    0.00430501
   -0.04040219
    0.04269538
   -0.03193438
    0.04335760
   -0.03384552
    0.04325394
   -0.03082930
    0.04081560
   -0.03383971
    0.03203583
    0.07530948
    0.09986762
    0.09166426
    0.07092199
    0.09777291
    0.09623036
    0.07499182
    0.10088084
    0.09182584
   -0.51690360
   -0.51063950
   -0.51510322
   -0.51456329
   -0.51513620
   -0.51252614
   -0.15680647
   -0.14914080
   -0.15106359
   -0.15166597
   -0.14968458
   -0.15307300
   -0.14945146
   -0.14729832
   -0.15623717
   -0.15176692
   -0.14945290
   -0.15017048
    0.32922932
    0.32850331
    0.11893029
    0.05108894
    0.12165649
    0.04396641
    0.32939230
    0.32862159
    0.11824596
    0.05087808
    0.11899894
    0.04876872
    0.32910636
    0.32835764
    0.11966121
    0.04995198
    0.12058132
    0.04824717
   -0.00069657
    0.08265874
    0.07722527
    0.00722747
   -0.03559541
    0.00872625
   -0.02952302
    0.02319383
   -0.03051062
    0.04261754
   -0.02842707
    0.04856236
   -0.03589511
    0.04762331
    0.00415079
    0.06100127
    0.07621552
    0.00478677
   -0.04035154
    0.04315312
   -0.03167692
    0.04283726
   -0.03388651
    0.04391848
   -0.03107651
    0.04158721
   -0.03408261
    0.03284619
    0.00408979
    0.06387319
    0.07656915
    0.00373027
   -0.03405204
    0.03545064
   -0.03088539
    0.04127763
   -0.03326768
    0.04349551
   -0.03181824
    0.04227752
   -0.04109640
    0.04382955
    0.00272793
    0.07752009
    0.06477083
    0.00498714
   -0.03338390
    0.03039566
   -0.03128198
    0.04114905
   -0.03435960
    0.04299990
   -0.03172525
    0.04286042
   -0.04003839
    0.04454192
   -0.00090543
    0.08489228
    0.07535688
    0.00785397
   -0.03775817
    0.04526426
   -0.02941079
    0.04727083
   -0.03223665
    0.04113457
   -0.03086631
    0.02940876
   -0.03506001
    0.00600670
    0.00305672
    0.06585087
    0.07860055
    0.00431846
   -0.04039771
    0.04265567
   -0.03195403
    0.04332952
   -0.03387293
    0.04324908
   -0.03084434
    0.04081787
   -0.03383023
    0.03218509
    0.07523757
    0.09992386
    0.09171874
    0.07093169
    0.09770291
    0.09625522
    0.07500893
    0.10087308
    0.09180639
