    0.04448163
   -0.01636552
   -0.26293016
   -0.04820197
   -0.04820243
    0.09088696
    0.09088616
    0.09491301
   -0.14427136
   -0.20140256
    0.04541386
   -0.00729160
    0.05685909
    0.09491223
   -0.14427423
   -0.20140372
    0.04541391
   -0.00729245
    0.05685994
    0.05186278
    0.05186514
   -0.98307367
    0.04570114
    0.01529082
   -0.04372754
   -0.03738846
   -0.03288970
   -0.03548619
    0.06270894
    0.04496753
    0.04155931
    0.05132351
    0.02686049
    0.04570363
    0.01530805
   -0.04372658
   -0.03738799
   -0.03288555
   -0.03547715
    0.06271396
    0.04497318
    0.04156294
    0.05132219
    0.02690735
   -0.11001525
   -0.11215498
   -0.11192723
   -0.11003605
   -0.11197335
   -0.11221526
    0.03374717
    0.04600986
    0.03364127
    0.03408345
    0.04312911
    0.04877406
    0.03439458
    0.04852886
    0.04317683
    0.03357107
    0.04604294
    0.03376890
    0.03397965
    0.04879301
    0.04312466
    0.03426366
    0.04313448
    0.04857963
