   -0.46530224
   -0.46691362
    0.12876725
   -0.11877443
   -0.11996965
   -0.05024983
    0.10564248
    0.11097145
   -0.01046345
    0.08739848
    0.09770003
   -0.16293374
    0.21916735
    0.26315489
    0.06579027
   -0.24097156
   -0.02797862
    0.07248345
   -0.01043831
    0.06188440
   -0.02807980
    0.07321379
    0.06546558
    0.26239737
   -0.16337110
    0.22146708
   -0.00934748
    0.09514987
    0.08796792
   -0.04916164
    0.10459433
    0.11241976
   -0.50473803
   -0.50520666
    0.12890792
   -0.11982177
   -0.11862419
   -0.04619130
    0.10260620
    0.10458582
   -0.00147834
    0.08265499
    0.07748268
   -0.18399757
    0.26284694
    0.25768338
    0.06153565
   -0.21997420
   -0.03290807
    0.06074697
   -0.01571212
    0.05084883
   -0.03297762
    0.06099179
    0.06170869
    0.25767725
   -0.18436544
    0.26291151
   -0.00158213
    0.07784163
    0.08223605
   -0.04611858
    0.10284089
    0.10461776
   -0.86701558
    0.11814068
    0.11359093
    0.10894436
    0.11740193
    0.10976645
    0.11597008
    0.11712049
    0.11615494
    0.10993036
    0.11807177
    0.10914621
    0.11406817
