   -0.15109950
   -0.15247284
   -0.15036116
   -0.14933313
    0.33030039
    0.11761393
    0.05152772
    0.11882808
    0.05000457
    0.32786783
    0.07187405
    0.09480329
    0.09566428
    0.00309925
    0.06600857
    0.07382191
    0.00443657
   -0.04052726
    0.04177785
   -0.03190981
    0.04172488
   -0.03321871
    0.04333009
   -0.03086563
    0.04142264
   -0.03419778
    0.03789189
    0.00256141
    0.07537319
    0.06843880
    0.00503358
   -0.03377643
    0.03296585
   -0.03132694
    0.04051007
   -0.03425000
    0.04225787
   -0.03238368
    0.04264183
   -0.04012496
    0.04487817
   -0.51710678
   -0.51836220
   -0.15030433
   -0.15004702
   -0.14999077
   -0.14873747
    0.33074153
    0.11854534
    0.05103274
    0.11723647
    0.05392261
    0.32812479
    0.07329474
    0.09458654
    0.09466009
    0.00250014
    0.07548142
    0.06687887
    0.00450684
   -0.03399670
    0.03656561
   -0.03096353
    0.04141060
   -0.03353733
    0.04296146
   -0.03202341
    0.04146540
   -0.04036556
    0.04152938
    0.00146271
    0.06924076
    0.07544052
    0.00478495
   -0.03433973
    0.03729170
   -0.03118834
    0.04098429
   -0.03367464
    0.04242592
   -0.03217204
    0.04056829
   -0.04101614
    0.04407584
   -0.52220854
   -0.51662682
   -0.15098219
   -0.15024551
   -0.15059289
   -0.15048912
    0.33059224
    0.11923186
    0.04945425
    0.11874249
    0.05181823
    0.32822600
    0.07261217
    0.09516760
    0.09530402
    0.00342436
    0.06510295
    0.07469071
    0.00428162
   -0.04062902
    0.04247463
   -0.03186011
    0.04192516
   -0.03333256
    0.04346656
   -0.03089044
    0.04164521
   -0.03397478
    0.03651693
    0.00359418
    0.07448436
    0.06525396
    0.00427209
   -0.03394026
    0.03650627
   -0.03083707
    0.04175848
   -0.03333823
    0.04352703
   -0.03185507
    0.04194298
   -0.04031787
    0.04173229
   -0.51965537
   -0.51758939
   -0.15146394
   -0.15053067
   -0.14819124
   -0.14885293
    0.32997025
    0.11794502
    0.05136711
    0.11821913
    0.05201107
    0.32807679
    0.07218716
    0.09589857
    0.09484112
    0.00301305
    0.07718783
    0.06604364
    0.00434345
   -0.03388554
    0.03395283
   -0.03120427
    0.04101761
   -0.03372517
    0.04285014
   -0.03184417
    0.04129064
   -0.04065607
    0.04486673
    0.00254719
    0.06688855
    0.07663335
    0.00447203
   -0.03377932
    0.03465526
   -0.03093945
    0.04136839
   -0.03351515
    0.04324906
   -0.03188253
    0.04190494
   -0.04018671
    0.04183103
   -0.52046078
   -0.51649922
   -0.15732105
   -0.15286273
    0.32971951
    0.12041230
    0.04882114
    0.11913352
    0.04882282
    0.32803976
    0.07840143
    0.09153774
    0.08931411
    0.00310144
    0.07782569
    0.07188225
    0.00787807
   -0.03498090
    0.02000072
   -0.03162245
    0.03878244
   -0.03506785
    0.04203731
   -0.03059261
    0.04367610
   -0.03848840
    0.03942224
    0.00277330
    0.06656447
    0.07571402
    0.00438384
   -0.03395904
    0.03472838
   -0.03082423
    0.04104312
   -0.03339042
    0.04362744
   -0.03186264
    0.04264286
   -0.04050356
    0.04156856
   -0.14765929
   -0.15135649
   -0.51611162
   -0.51663769
   -0.53462709
   -0.38402235
    0.34669731
   -0.46056314
   -0.13822085
   -0.14858505
    0.32763883
    0.05214839
    0.04605316
    0.05808985
    0.03654504
   -0.01621045
    0.06783570
    0.06757954
    0.01908295
    0.06002138
    0.07591897
    0.09013646
    0.09058632
   -0.06211583
    0.04634171
    0.04616846
   -0.06479377
    0.05784896
    0.04465050
   -0.05755211
    0.04920115
    0.04814116
   -0.09504809
    0.09003513
    0.09166973
    0.36708695
   -0.19984575
   -0.94060923
