   -0.51006408
   -0.53992998
   -0.50433483
   -0.52579443
   -0.47095569
   -0.52426042
   -0.14430467
   -0.14506408
   -0.12104442
   -0.12506289
   -0.15276731
   -0.12392354
   -0.14006826
   -0.15097923
   -0.10338052
   -0.13031183
   -0.15674402
   -0.13653731
    0.32376989
    0.31986793
    0.08462033
    0.09985171
    0.08935686
    0.10483927
    0.33590502
    0.32254664
    0.11149133
    0.05678637
    0.08888671
    0.10760101
    0.34084464
    0.32625597
    0.10047102
    0.10088809
    0.10065603
    0.09882065
   -0.02035676
    0.10347062
    0.09506210
    0.02046924
   -0.04433861
    0.07057080
   -0.03342097
    0.05113915
   -0.03461531
    0.36180043
   -0.01069447
    0.05836393
   -0.03415307
    0.06952343
   -0.00897682
    0.07614943
    0.10072839
    0.01986002
   -0.03713607
    0.06091242
   -0.01940252
    0.05570330
   -0.03352291
    0.36390575
   -0.03253479
    0.06647843
   -0.03105679
    0.05487581
   -0.00030764
    0.07821726
    0.09398137
    0.01744361
   -0.03137123
    0.03995401
   -0.02218763
    0.05860665
   -0.02799422
    0.37202056
   -0.02554051
    0.06787127
   -0.03833057
    0.06338404
   -0.00733742
    0.09006324
    0.08311294
    0.02025798
   -0.02931369
    0.05340435
   -0.03207675
    0.06835311
   -0.03205776
    0.36600420
   -0.01758708
    0.05396560
   -0.03472328
    0.05881270
   -0.00837949
    0.07600113
    0.09278197
    0.01709343
   -0.03017355
    0.07206812
   -0.02793626
    0.06313333
   -0.03108681
    0.36262121
   -0.02405881
    0.05883608
   -0.03585716
    0.05161874
   -0.01234356
    0.08604471
    0.10325930
    0.01898407
   -0.04042281
    0.07412719
   -0.03203725
    0.07645824
   -0.03225064
    0.36545022
   -0.01640785
    0.05168994
   -0.02652766
    0.03319701
    0.06030470
    0.09294304
    0.10360911
    0.07092470
    0.08794944
    0.09170626
    0.07732604
    0.07508231
    0.09351674
   -0.49988568
   -0.52803883
   -0.51839598
   -0.52959636
   -0.51155451
   -0.52992293
   -0.14501228
   -0.13079352
   -0.13695726
   -0.12403998
   -0.14050814
   -0.13163511
   -0.13796338
   -0.13062263
   -0.13376116
   -0.13255605
   -0.13505901
   -0.13400771
    0.33321538
    0.32195839
    0.08605238
    0.10384887
    0.10452326
    0.05981626
    0.32214955
    0.32164116
    0.08760902
    0.09753576
    0.09232834
    0.08616197
    0.32354183
    0.32428584
    0.09794125
    0.08330098
    0.10623510
    0.06689233
   -0.01288122
    0.09544194
    0.10345683
    0.02430751
   -0.02288268
    0.04054293
   -0.01010590
    0.04663454
   -0.04026878
    0.35698132
   -0.03125772
    0.05660022
   -0.03604293
    0.06790793
   -0.01217217
    0.09191833
    0.10048257
    0.01721893
   -0.04219995
    0.06669420
   -0.02144728
    0.06820813
   -0.01870191
    0.37029206
   -0.02247120
    0.05734784
   -0.03333177
    0.04330426
   -0.00081032
    0.07577669
    0.07012415
    0.01888369
   -0.03162915
    0.06386046
   -0.03368047
    0.06931458
   -0.03305715
    0.36450150
   -0.01839626
    0.05226798
   -0.03780822
    0.07313545
   -0.01457071
    0.08987880
    0.09282697
    0.02298553
   -0.02940252
    0.04600082
   -0.03346816
    0.06635754
   -0.03348993
    0.36464564
   -0.02037247
    0.06369955
   -0.03669933
    0.06838123
   -0.01219708
    0.08481457
    0.09699698
    0.01903080
   -0.03961062
    0.06945645
   -0.03114110
    0.06979228
   -0.03354117
    0.36282473
   -0.01994173
    0.04880391
   -0.02940508
    0.04775530
   -0.00350794
    0.08000922
    0.08487322
    0.02096704
   -0.03700842
    0.06539776
   -0.02302263
   -0.02320624
   -0.02453898
   -0.03130446
    0.05213770
    0.07063300
    0.10468844
    0.08991695
    0.05974035
    0.09836791
    0.09310362
    0.05962935
    0.09921276
    0.10146507
   -0.40152811
    0.06487633
    0.07429328
    0.36266048
   -0.41737529
   -0.49880497
    0.41670358
   -0.50099181
    0.40622697
   -0.48490555
   -0.40582690
    0.38203049
   -0.46918014
   -0.40563020
    0.39577323
   -0.46603788
   -0.47802094
   -0.47139603
   -0.46615061
   -0.48544149
   -0.46105640
   -0.47364097
   -0.47037621
   -0.41325478
    0.40631053
   -0.41441516
    0.40592198
   -0.41418770
    0.40661006
   -0.40558532
    0.40190973
   -0.41312213
    0.40672898
   -0.41744288
    0.40313890
   -0.39656743
    0.37914708
   -0.40085944
    0.36709947
    0.64671660
   -0.44483614
   -0.42824387
   -0.44717462
   -0.43945216
