   -0.50407860
   -0.50110425
   -0.06973363
    0.18638044
   -0.17502789
    0.18415203
   -0.23944850
   -0.07699162
    0.17765512
   -0.07579392
    0.19855316
   -0.24778033
   -0.16295016
    0.20500989
   -0.10503976
    0.19557319
    0.03161809
   -0.02202315
   -0.03192031
   -0.01049394
    0.27007494
    0.06346012
    0.08065655
   -0.05448794
    0.02097991
   -0.04095610
    0.03153915
   -0.04362756
    0.03499251
   -0.05651505
    0.03202005
    0.08098270
   -0.00705831
    0.01905760
   -0.01740276
   -0.02709701
    0.04482010
   -0.02702951
    0.05851186
    0.04478374
   -0.03904611
   -0.02849136
    0.01278200
    0.06875950
   -0.00631026
    0.06542648
    0.06776407
   -0.04818687
    0.04187416
   -0.04339208
    0.02523873
   -0.04452025
    0.02436829
   -0.05549606
    0.01778252
    0.26202689
   -0.00789202
   -0.01821246
   -0.02726065
    0.02989244
   -0.10470123
    0.04282379
    0.04625222
    0.04703529
    0.01235153
   -0.03722162
    0.03499419
   -0.03269224
    0.03524437
   -0.03494880
    0.03490021
   -0.03203039
    0.03359976
   -0.03736844
    0.02784802
   -0.05166549
    0.02468940
    0.03541776
   -0.03886376
    0.02209239
    0.02866207
   -0.10047177
    0.02935099
    0.03189005
    0.03609928
   -0.09789506
    0.03932293
    0.03328930
    0.03931508
    0.00847884
   -0.04445946
    0.02873833
   -0.04405989
    0.03134926
    0.01506287
   -0.04050409
    0.03219671
   -0.03731085
    0.03980695
   -0.11101396
    0.04376846
    0.04560490
    0.04767533
   -0.10377781
    0.03565877
    0.04174845
    0.04653725
   -0.05559467
    0.03918064
    0.02712574
   -0.04940995
   -0.10461697
    0.03650373
    0.03226650
    0.03832497
    0.02940560
   -0.02266906
    0.01768333
   -0.03174093
    0.02280925
   -0.03690120
    0.02744385
   -0.03480270
    0.02919249
   -0.03584614
    0.02868947
   -0.10578831
    0.04359524
    0.04045543
    0.04861130
   -0.90744782
    0.03551666
    0.02382577
