    0.09167985
   -0.06837956
   -0.04089779
    0.07414043
    0.07411368
   -0.02386997
   -0.02389030
    0.05243025
    0.05175144
   -0.01748839
    0.06097731
    0.05165922
   -0.01742325
    0.06116340
   -0.20331317
   -0.14661327
   -0.20279876
   -0.14674726
    0.09804371
    0.09799523
   -0.97842493
   -0.14886192
    0.23778000
   -0.14901656
    0.23813203
    0.27207506
   -0.45306156
    0.27208231
   -0.45294392
    0.04578718
    0.01403257
   -0.03732347
   -0.04103348
   -0.03342475
   -0.03340110
    0.04442668
    0.05956033
    0.04988035
    0.04457298
    0.02619843
    0.04584231
    0.01407267
   -0.04112114
   -0.03733386
   -0.02890073
   -0.03765022
    0.05948616
    0.04450777
    0.03780340
    0.05673419
    0.02628437
    0.05082472
    0.04910378
    0.05299509
   -0.32349894
    0.05082305
    0.05282948
    0.04903626
   -0.32364526
   -0.11198324
   -0.10628990
   -0.10628280
   -0.10812682
   -0.10838588
   -0.10815857
    0.03489264
    0.04343621
    0.03476093
    0.03386910
    0.04558873
    0.04148283
    0.03517576
    0.04489288
    0.03462900
    0.04040367
    0.04422187
    0.04048535
    0.03515387
    0.03468459
    0.04492045
    0.03412535
    0.04159401
    0.04547531
    0.07999566
    0.07991319
    0.04410435
    0.04282874
    0.07862985
    0.03909651
   -0.32673495
    0.04645918
    0.07987928
    0.08067355
    0.03900964
    0.03864022
   -0.33010560
    0.03869216
    0.03792966
    0.03603945
    0.06767825
    0.03885470
    0.03917543
    0.04394870
    0.07873147
    0.04311580
    0.03909873
    0.04620353
   -0.32666411
    0.07993537
    0.03825663
    0.03831906
    0.08067489
    0.03932294
   -0.32999469
    0.03830529
    0.03607889
    0.03892568
    0.06767668
    0.03897838
