   -0.34922036
   -0.34910373
   -0.35022616
   -0.34888609
   -0.34774474
   -0.34603581
   -0.34727079
   -0.34859344
   -0.15753922
    0.30862849
    0.31597305
    0.30116835
   -0.14972455
    0.31634335
    0.30478295
    0.29928263
   -0.16474750
    0.29707406
    0.32053887
    0.30889508
   -0.15812074
    0.30796264
    0.31539214
    0.30300180
    0.23621699
    0.00413434
    0.05628858
    0.12193265
   -0.07669681
    0.04024658
    0.12246643
    0.23619240
    0.00493528
    0.05599543
    0.12265792
   -0.07621576
    0.04070849
    0.12285238
    0.23504411
    0.05698377
    0.00342329
    0.12263908
   -0.07606122
    0.04082490
    0.12289908
    0.23571809
    0.00365946
    0.05612784
    0.12204754
   -0.07664133
    0.03994830
    0.12262949
   -0.01860088
    0.06020836
   -0.00205564
   -0.06050972
    0.13490283
   -0.00390418
   -0.01886925
    0.05902211
   -0.00153010
   -0.06172300
    0.13504255
   -0.00371244
   -0.01931895
    0.06366034
   -0.00131500
   -0.06094372
    0.13595104
   -0.00352075
   -0.01911210
    0.06188349
   -0.00232658
   -0.06113621
    0.13469424
   -0.00393531
   -0.09823989
    0.10134853
    0.07903716
   -0.08644902
    0.05872913
    0.06385417
   -0.04168143
    0.10547683
    0.12127114
   -0.09255384
    0.09773081
    0.07313679
   -0.08550490
    0.05435107
    0.07228279
   -0.04343696
    0.11749281
    0.10192654
   -0.09090234
    0.09509848
    0.07227378
   -0.08885110
    0.05594051
    0.07053594
   -0.04694999
    0.13112005
    0.11675282
   -0.09858008
    0.09914874
    0.08199731
   -0.08754317
    0.06039437
    0.06339011
   -0.04374298
    0.10737205
    0.12159333
    0.71344289
   -0.42521027
   -0.41422449
   -0.41980745
   -0.41765892
