   -0.92349349
   -0.58080090
   -0.58084085
   -0.58073211
   -0.58080592
   -0.58083755
   -0.58073569
   -0.08620849
   -0.08591832
   -0.08607058
   -0.08609457
   -0.08608793
   -0.08606803
   -0.08620826
   -0.08591731
   -0.08607232
   -0.08609774
   -0.08608962
   -0.08606527
    0.21084090
    0.01426245
    0.06277305
    0.06415598
    0.01427991
    0.06430864
    0.06253227
    0.07777347
    0.08461826
    0.08461425
    0.21086951
    0.01426779
    0.06421632
    0.06264492
    0.01431187
    0.06263657
    0.06418628
    0.07776443
    0.08462335
    0.08466075
    0.21082311
    0.01426935
    0.06267369
    0.06422104
    0.01430952
    0.06424493
    0.06260438
    0.07775089
    0.08466718
    0.08467157
    0.21084339
    0.01426968
    0.06414600
    0.06277350
    0.01428610
    0.06252983
    0.06430045
    0.07777425
    0.08461797
    0.08461305
    0.21086785
    0.01426267
    0.06264382
    0.06422424
    0.01430798
    0.06419216
    0.06263664
    0.07776502
    0.08462697
    0.08465718
    0.21082490
    0.01427532
    0.06421074
    0.06267317
    0.01431619
    0.06260279
    0.06423712
    0.07775081
    0.08466548
    0.08467307
