    0.12654987
    0.03877447
   -0.16156734
    0.32838149
   -0.50645064
   -0.14872432
    0.12532025
    0.04083389
   -0.15794605
    0.32862522
   -0.50855225
   -0.16040488
   -0.04335767
    0.06575846
    0.07452217
    0.08370568
    0.04570169
    0.06402549
   -0.11630804
    0.06549053
    0.04477480
    0.06658842
    0.00603613
   -0.03362016
   -0.00783519
   -0.02763308
    0.02338415
   -0.03089081
    0.04405067
   -0.02934943
    0.05005488
   -0.03253212
    0.05959293
    0.07186535
    0.10559507
    0.10560999
    0.12661777
    0.03916483
   -0.16175242
    0.32839754
   -0.50653378
   -0.14873457
    0.12538823
    0.04094318
   -0.15794753
    0.32860509
   -0.50859662
   -0.16039099
   -0.04329142
    0.07453969
    0.08385590
    0.06564069
    0.04573474
    0.06391256
   -0.11630047
    0.04489052
    0.06547879
    0.06661634
    0.00585800
   -0.03363112
   -0.00777072
   -0.02762770
    0.02341635
   -0.03089390
    0.04399573
   -0.02938678
    0.04999956
   -0.03248728
    0.05959897
    0.07702034
    0.10083683
    0.10121053
    0.12257312
    0.04184498
   -0.15909146
    0.32815957
   -0.50366632
   -0.14552316
    0.12211228
    0.03189538
   -0.15714815
    0.32677205
   -0.50618836
   -0.15956750
   -0.04519343
    0.06706934
    0.07585132
    0.08449333
    0.04600140
    0.06248061
   -0.11638026
    0.04530718
    0.06558061
    0.06740999
    0.00530942
   -0.03371806
   -0.00741746
   -0.02719570
    0.02374436
   -0.03064742
    0.04381987
   -0.02964301
    0.04986756
   -0.03280492
    0.05976379
    0.06899571
    0.10822247
    0.10827749
    0.12167314
    0.03280939
   -0.15801914
    0.32802433
   -0.50123416
   -0.14314261
    0.11967586
    0.03535966
   -0.15564327
    0.32587612
   -0.50445059
   -0.15976652
   -0.04530866
    0.07427935
    0.08470710
    0.06819576
    0.04469673
    0.06496201
   -0.11701605
    0.04606060
    0.06582090
    0.06740350
    0.00487742
   -0.03413730
   -0.00717290
   -0.02726658
    0.02356221
   -0.03043225
    0.04381226
   -0.02930925
    0.04984085
   -0.03237535
    0.06011487
    0.07464514
    0.10319477
    0.10314814
    0.12142080
    0.03296527
   -0.15797256
    0.32792717
   -0.50112060
   -0.14298331
    0.11935901
    0.03530581
   -0.15559518
    0.32584080
   -0.50428067
   -0.15950560
   -0.04542300
    0.06817591
    0.07420863
    0.08494985
    0.04468948
    0.06465570
   -0.11700413
    0.04604963
    0.06574345
    0.06736438
    0.00465172
   -0.03422354
   -0.00661515
   -0.02728206
    0.02381379
   -0.03038113
    0.04377750
   -0.02928810
    0.04971082
   -0.03196543
    0.06009425
    0.06887542
    0.10839603
    0.10828044
    0.12232401
    0.04223203
   -0.15915257
    0.32807266
   -0.50360653
   -0.14547973
    0.12185463
    0.03208366
   -0.15715775
    0.32663371
   -0.50620790
   -0.15933344
   -0.04519338
    0.07563396
    0.08442512
    0.06726815
    0.04610607
    0.06204300
   -0.11638579
    0.04526766
    0.06562917
    0.06731812
    0.00520162
   -0.03375745
   -0.00699040
   -0.02717577
    0.02367845
   -0.03062657
    0.04385669
   -0.02958629
    0.04986846
   -0.03236649
    0.05986150
    0.07692119
    0.10092300
    0.10115365
   -0.99323047
