   -0.51954419
   -0.50038288
   -0.50392381
   -0.50261130
   -0.50940196
   -0.50297891
   -0.50572557
   -0.50515468
   -0.50580300
   -0.49649507
   -0.50550866
   -0.50481330
   -0.15610322
   -0.17165005
   -0.15714182
   -0.14187038
   -0.16060242
   -0.15656993
   -0.14661499
   -0.15680344
   -0.15732044
   -0.16268076
   -0.15419692
   -0.14992399
   -0.15949928
   -0.15656210
   -0.14956286
   -0.15230319
   -0.16009258
   -0.16171449
   -0.15735671
   -0.15036812
   -0.16321517
   -0.15560791
   -0.14511365
   -0.16512289
    0.32330015
    0.12243460
    0.02440860
    0.32409770
    0.11370634
    0.04558108
    0.07597218
    0.10959172
    0.09787485
    0.32591092
    0.12399140
    0.02055258
    0.32515792
    0.11711918
    0.03420065
    0.06831717
    0.11297798
    0.11171670
    0.32480303
    0.12433268
    0.01837581
    0.32171582
    0.11576658
    0.03669915
    0.07527212
    0.10761953
    0.10743865
    0.32427748
    0.11834487
    0.03254242
    0.32343221
    0.12312072
    0.02432927
    0.06757132
    0.11390635
    0.11437535
    0.32465537
    0.12146010
    0.02619287
    0.32790014
    0.12394322
    0.02130272
    0.07178322
    0.10775780
    0.10839498
    0.32914304
    0.11466751
    0.03923995
    0.32474601
    0.12691259
    0.00786502
    0.06711564
    0.11543737
    0.11411890
   -0.40458439
   -0.52348585
   -0.01216251
    0.10065032
    0.07387278
   -0.06848264
    0.01033999
    0.07866048
   -0.05579662
    0.06681452
   -0.00433658
   -0.07130207
    0.07100305
    0.09100036
   -0.10467465
    0.05973226
    0.10449761
    0.37179904
   -0.46408619
   -0.41666081
   -0.00938049
    0.06139320
    0.09862073
   -0.07533718
    0.07508877
    0.03630118
   -0.06166003
    0.06127235
    0.02324047
   -0.05489282
    0.03761261
    0.05194674
   -0.11508396
    0.08221174
    0.08754908
    0.36953341
   -0.00164965
   -0.06975957
   -0.06887101
   -0.06639185
   -0.45527079
   -0.41962331
    0.00250237
    0.09073633
    0.05014854
   -0.06760715
    0.06760571
    0.02487804
   -0.05783848
    0.01618305
    0.05125471
   -0.05665090
    0.02574068
    0.05630883
   -0.11194836
    0.08037054
    0.09874243
    0.37063870
   -0.48241139
   -0.00057741
    0.06537907
    0.07270927
   -0.06599290
    0.05053301
    0.03404195
   -0.07267000
    0.05235892
    0.06133000
   -0.07104304
    0.06292933
    0.07260744
   -0.11214615
    0.08719410
    0.06579088
    0.37176126
   -0.00362359
   -0.06962725
   -0.07029398
   -0.06149555
   -0.11558236
   -0.46343535
   -0.42472101
   -0.06727155
    0.37052111
   -0.40675344
   -0.00020756
   -0.06638080
    0.37097068
    0.00120212
    0.05955194
    0.06278639
   -0.06936166
   -0.06968445
   -0.06233944
   -0.41745456
   -0.46408822
    0.00541037
    0.05168241
    0.06220642
   -0.06886079
    0.04166740
    0.06218277
   -0.06395905
    0.05398347
    0.03133128
   -0.06348377
    0.06897993
    0.04884238
   -0.11517169
    0.09077766
    0.08652670
    0.37032403
   -0.41218398
   -0.50265740
   -0.00557900
   -0.05984634
   -0.11546656
    0.36849755
   -0.46395373
   -0.42773363
   -0.00764599
   -0.07188350
   -0.07092961
   -0.11404811
    0.36628470
   -0.10121168
    0.37103990
   -0.46501863
    0.37033854
    0.00681689
   -0.06865208
   -0.06033895
   -0.11286451
   -0.07051096
   -0.10181705
   -0.50198145
   -0.06923049
   -0.46594725
   -0.42697227
   -0.11449611
    0.37034170
   -0.07964624
   -0.04921842
   -0.06044503
    0.07221463
    0.06155013
    0.08386016
    0.09789483
    0.05131959
    0.06186874
    0.03998248
    0.06232664
    0.05374095
    0.04184614
   -0.50059287
   -0.40673216
    0.41857452
    0.07156165
    0.06920081
   -0.42616838
    0.41704507
    0.09180040
    0.09525212
    0.04191270
    0.05419827
    0.05049800
    0.09126541
    0.09670143
    0.04841967
    0.05008454
    0.05924189
    0.09290408
    0.08937419
    0.05739407
    0.04164367
    0.05495300
    0.05914654
    0.41818895
    0.06395408
    0.09406720
    0.04097225
    0.04556258
    0.05543098
    0.05842793
    0.05843118
    0.04585118
    0.09275901
    0.08371255
    0.41277460
    0.03815591
    0.05872724
    0.05671094
    0.04546696
    0.05173763
    0.04607922
    0.05527038
    0.04299864
    0.06125717
    0.05655979
    0.03994977
    0.05928623
    0.04457394
    0.05294084
    0.09770015
    0.08475006
    0.41636132
    0.42083882
    0.41394987
    0.40757113
    0.41915513
    0.41245312
   -0.40844105
    0.41543078
    0.11286238
    0.07883124
    0.02932482
    0.02307410
    0.05403065
    0.08328622
    0.03130654
    0.11449704
    0.10722045
    0.41631252
    0.06323517
    0.07611487
    0.05301130
    0.04344985
   -0.52186722
   -0.52200419
    1.12374608
   -0.52773057
   -0.52642999
