   -0.52444338
   -0.50422667
   -0.50177788
   -0.51162736
   -0.52618399
   -0.51227711
   -0.14754746
   -0.14349172
   -0.15165632
   -0.13302568
   -0.14697111
   -0.14428835
   -0.14577476
   -0.14203264
   -0.14027384
   -0.14686247
   -0.13899059
   -0.13896517
    0.32554954
    0.32426812
    0.10835673
    0.07315357
    0.10273345
    0.07654057
    0.33308390
    0.32127234
    0.11371536
    0.06005061
    0.11415698
    0.05353405
    0.32518264
    0.32039656
    0.10464446
    0.07396474
    0.10442673
    0.07648598
   -0.01239625
    0.07068728
    0.07038952
    0.07961920
    0.05854928
    0.12531702
    0.09523437
    0.06556085
    0.09812578
    0.10661905
    0.07199720
    0.09583427
    0.09909125
   -0.01521975
    0.08761759
    0.07016116
    0.10366063
   -0.01290453
    0.07415724
    0.07849232
    0.06669814
   -0.00650986
    0.08187955
    0.08439620
    0.08839206
   -0.01193036
    0.07066082
    0.09510607
    0.08658458
   -0.00835958
    0.08648667
    0.08784068
    0.07807272
   -0.51063658
   -0.50518346
   -0.52085970
   -0.51129773
   -0.51360549
   -0.51267479
   -0.14695405
   -0.14105108
   -0.14914780
   -0.13663580
   -0.14577807
   -0.14219932
   -0.14555771
   -0.13829449
   -0.14609455
   -0.14693090
   -0.14732648
   -0.14407717
    0.33773878
    0.32486656
    0.11716102
    0.05489069
    0.11018968
    0.06112257
    0.32507908
    0.32046935
    0.10657255
    0.07521379
    0.10470303
    0.07674609
    0.33755903
    0.32476080
    0.11766444
    0.05806930
    0.11203014
    0.05758395
   -0.01198199
    0.07119037
    0.07012494
    0.07800570
    0.06458158
    0.11226792
    0.10040937
    0.06709085
    0.10014761
    0.09967667
    0.07192534
    0.09449804
    0.10354594
   -0.01117762
    0.07958719
    0.07077989
    0.10553548
   -0.01478704
    0.07642464
    0.08130434
    0.06621464
   -0.00795200
    0.07588857
    0.08448033
    0.09140607
   -0.01484707
    0.06718566
    0.08924504
    0.07614225
   -0.01567475
    0.09906131
    0.07480820
    0.06001510
    0.06163926
    0.04849647
   -0.34094504
    0.07126078
    0.05650998
    0.04737755
    0.07860956
    0.05036597
   -0.34247005
    0.03256097
    0.07438321
    0.04791869
    0.06977189
    0.03920526
    0.04590418
    0.05445587
   -0.35167816
    0.02185928
    0.04643907
    0.04647297
    0.08093476
    0.04958296
   -0.33967663
    0.03135220
    0.07535860
    0.04958444
    0.07948452
    0.04349297
    0.04596985
    0.04092986
   -0.34446999
    0.07190475
    0.04219817
    0.05451639
    0.07712054
    0.04262447
   -0.34840235
    0.04345213
    0.02087438
    0.04696427
    0.08344044
    0.04616680
   -0.33151960
    0.08674443
    0.03859577
    0.07210722
    0.03700207
    0.05053055
    0.07382813
    0.05311796
   -0.35148758
    0.05160561
    0.07773980
    0.04814699
    0.07944127
    0.04276854
    0.04628436
    0.03273193
   -0.34638045
    0.03438679
    0.04575359
    0.04087929
    0.07753577
    0.05001684
   -0.33976488
    0.03347197
    0.07475362
    0.05113606
    0.08007906
    0.04412019
    0.04785492
    0.03907480
   -0.34687270
    0.07019130
    0.04484268
    0.05658500
    0.07866003
    0.04270969
   -0.34778115
    0.04227930
    0.02030855
    0.04830059
    0.08209460
    0.04679824
    0.08188429
    0.03656053
   -0.33348523
    0.07274025
    0.04006188
    0.04726996
    0.07450158
    0.05463034
   -0.34987683
    0.04740573
    0.07763641
    0.05081512
    0.07911553
    0.03856374
    0.04154791
    0.04001768
   -0.34758000
    0.02913510
    0.04759326
    0.03626508
    0.08678825
    0.05933551
    0.03746048
   -0.33901896
    0.07666899
    0.04867240
    0.03745592
    0.07707341
    0.04880238
   -0.34443681
    0.04299538
    0.07383944
    0.04859171
    0.07871718
    0.04419792
    0.04211494
    0.03992271
   -0.34807047
    0.01978759
    0.04830940
    0.04634404
    0.08538284
   -0.33952785
    0.04477413
    0.02879271
    0.07815357
    0.04626861
    0.04783167
    0.08065709
    0.04467063
   -0.34558680
    0.04217652
    0.06886379
    0.04337349
    0.07834237
    0.06071244
    0.04077727
    0.04256246
   -0.34725168
    0.01965098
    0.04832089
    0.04736133
    0.08243609
    0.08390790
   -0.33258303
    0.04016697
    0.07085412
    0.04277594
    0.07351927
    0.04810329
    0.05308729
    0.04884836
   -0.34796501
    0.07313931
    0.05006114
    0.04793567
    0.07716997
    0.04168581
   -0.34556373
    0.03868053
    0.02361772
    0.04378650
    0.08749854
    0.04130499
    0.04151238
    0.09323007
   -0.33430116
    0.08199377
    0.02209547
    0.04530138
    0.07722402
    0.04860027
   -0.35399889
    0.05018006
    0.08060518
    0.04339523
    0.07616655
    0.04305137
    0.04225479
    0.04439022
   -0.34851956
    0.02239599
    0.03834831
    0.05213025
    0.08374076
   -0.33905836
    0.07212110
    0.05240763
    0.06661823
    0.04950117
    0.07516511
    0.07332081
    0.03582852
   -0.34750050
    0.04466276
    0.07438451
    0.04491171
    0.07572267
    0.04807578
    0.04246796
    0.04422996
   -0.34834821
    0.02086043
    0.04577970
    0.04745766
    0.08365368
   -0.33337446
    0.03564271
    0.08167894
    0.07174751
    0.04798796
    0.04306132
    0.07473915
    0.04613137
   -0.34726283
    0.05379043
    0.07619046
    0.04105192
    0.07907511
    0.04996081
    0.03637561
    0.04523377
   -0.34803370
    0.02495411
    0.04259288
    0.04906804
    0.08575078
   -0.34052529
    0.03609383
    0.05792814
    0.07591939
    0.04029901
    0.05018082
    0.07869242
    0.03946804
   -0.34443315
    0.04983357
    0.07801551
    0.04013471
    0.07601211
    0.04582179
    0.04929832
    0.04182452
   -0.34836831
    0.02097831
    0.04776674
    0.04654730
    0.08371520
   -0.49346822
   -0.49345672
   -0.49368357
    0.90393002
   -0.49053458
