   -0.48634233
   -0.48626470
    0.12954850
   -0.11697801
   -0.11700634
   -0.04610827
    0.10543702
    0.10233818
   -0.00213152
    0.08036553
    0.08619488
   -0.18252945
    0.21033742
    0.26934342
   -0.01775575
   -0.03612541
   -0.02028452
    0.05264681
   -0.02962262
    0.04593735
   -0.02027320
    0.05246318
   -0.01776311
    0.26939885
   -0.18230885
    0.21025680
   -0.00217059
    0.08652844
    0.08005784
   -0.04619835
    0.10573453
    0.10210444
   -0.48646638
   -0.48586670
    0.12950317
   -0.11689567
   -0.11690057
   -0.04591482
    0.10490280
    0.10246410
   -0.00174618
    0.08079687
    0.08542422
   -0.18287783
    0.21050869
    0.26915506
   -0.01786001
   -0.03677036
   -0.02026141
    0.05306836
   -0.02960389
    0.04612671
   -0.02025887
    0.05260648
   -0.01788511
    0.26937437
   -0.18197338
    0.21035515
   -0.00198809
    0.08590294
    0.08084868
   -0.04625182
    0.10526937
    0.10248897
   -0.83397739
    0.11470305
    0.11332630
    0.10911335
    0.11335429
    0.10890373
    0.11473179
    0.11337561
    0.11481079
    0.10906517
    0.11475272
    0.10905222
    0.11344238
    0.06344068
    0.06380021
