   -0.99076062
   -0.04676629
   -0.05803094
   -0.04674654
    0.00032723
   -0.03859623
    0.01306514
   -0.04332365
   -0.00038921
    0.05249992
   -0.04608483
    0.02426331
   -0.05022517
    0.05247659
   -0.00033350
   -0.04329830
    0.01308650
   -0.03856723
    0.00031089
   -0.13790437
   -0.19068207
    0.05279689
   -0.01885617
    0.08749584
   -0.19090463
   -0.13907551
    0.08771636
   -0.01867738
    0.05289982
    0.02243865
    0.04683429
    0.02219894
    0.05036795
    0.05767349
    0.07700643
    0.08354899
    0.05781942
    0.05031821
    0.03833102
    0.03864917
    0.05176422
    0.05190292
   -0.01951929
    0.04897128
   -0.01971896
    0.04916282
    0.08837672
    0.08807172
   -0.14162236
   -0.19418008
   -0.14264195
   -0.19429351
    0.05183753
   -0.05107638
   -0.04691689
   -0.05874069
    0.05182608
    0.02318873
    0.07504632
    0.05838604
    0.08163520
    0.02716377
    0.02736495
   -0.11531190
    0.04192690
    0.04201267
    0.04925539
   -0.11159924
    0.04277032
    0.05085491
    0.03665740
   -0.11164055
    0.04290708
    0.03656057
    0.05083645
   -0.11195498
    0.05110713
    0.04331639
    0.03708991
   -0.11573451
    0.04944685
    0.04252280
    0.04232622
   -0.11197858
    0.05106917
    0.03707477
    0.04331738
    0.02505266
    0.02505013
   -0.11008732
   -0.10718334
   -0.10714972
    0.03228436
    0.04401948
    0.03872532
    0.03777987
    0.04274417
    0.03782770
    0.03237643
    0.03872827
    0.04399164
   -0.11012941
   -0.10715711
   -0.10717421
    0.03235265
    0.04401334
    0.03864655
    0.03240650
    0.03869505
    0.04400582
    0.03792289
    0.04275129
    0.03778381
