    0.04195450
   -0.01690299
   -0.25463443
   -0.04821017
   -0.04821018
    0.08935142
    0.08935142
    0.09254168
   -0.14725605
   -0.20216923
    0.04324093
   -0.00865770
    0.06590622
    0.09254164
   -0.14725611
   -0.20216920
    0.04324094
   -0.00865767
    0.06590620
    0.05050838
    0.05050844
   -0.97790062
    0.04539768
    0.01445733
   -0.04396372
   -0.03801811
   -0.03277152
   -0.03573349
    0.06121083
    0.05304560
    0.04252694
    0.04812671
    0.02664788
    0.04539767
    0.01445733
   -0.04396373
   -0.03801809
   -0.03277151
   -0.03573348
    0.06121085
    0.05304553
    0.04252692
    0.04812670
    0.02664788
   -0.11020411
   -0.11175305
   -0.11211552
   -0.11020413
   -0.11211555
   -0.11175301
    0.03443410
    0.04495490
    0.03401380
    0.03485798
    0.04215022
    0.04750840
    0.03412026
    0.04744685
    0.04214640
    0.03401379
    0.04495491
    0.03443406
    0.03485795
    0.04750841
    0.04215021
    0.03412029
    0.04214646
    0.04744682
