   -0.18155772
    0.22869091
    0.27212401
   -0.01989498
   -0.03267408
    0.08044298
   -0.02106887
    0.27028308
   -0.17059516
    0.22230037
   -0.01561973
    0.08830173
    0.10044915
   -0.04839975
    0.11793631
    0.11812373
    0.06532026
   -0.04418300
    0.10664537
    0.10010540
   -0.08817865
    0.08530043
    0.09649747
    0.07095854
    0.04842179
    0.02819066
   -0.33460593
    0.06482824
    0.06780383
    0.04134938
    0.07008141
    0.02872528
    0.04554514
   -0.34528007
    0.06924704
    0.04610692
    0.02568442
    0.07302269
    0.03061790
    0.05876029
   -0.33710600
    0.07179003
    0.03987739
    0.05150493
   -0.08797621
    0.09670447
    0.09158565
   -0.04690706
    0.11511610
    0.10181257
    0.06388183
   -0.04698555
    0.11443822
    0.12324239
   -0.01077647
    0.09683965
    0.08041556
   -0.02287560
    0.04845720
   -0.03207882
    0.05078345
   -0.02285895
    0.05169981
   -0.05635609
    0.13058654
    0.12985153
   -0.01010279
    0.11673321
   -0.20974320
    0.11868404
   -0.00918523
   -0.05553724
    0.13506345
    0.11736000
   -0.04612512
    0.06823469
   -0.04041471
    0.04967838
   -0.03450185
    0.04726652
   -0.01678277
   -0.01592729
   -0.03449177
    0.04661213
   -0.04094079
    0.05243799
   -0.04932978
    0.07558048
   -0.52401571
   -0.52443463
    0.26600526
    0.26442235
   -0.96101897
