   -0.97432528
   -0.05371130
   -0.05258340
   -0.05365801
    0.00467117
   -0.05700228
    0.14384278
   -0.06968297
    0.00261711
    0.05637587
   -0.04432133
    0.02442765
   -0.04839728
    0.05630581
    0.00267315
   -0.06965227
    0.14385224
   -0.05701716
    0.00463423
   -0.14370205
   -0.20642405
    0.05400591
   -0.01089999
    0.09150778
   -0.20651414
   -0.14497554
    0.09167247
   -0.01078796
    0.05411267
    0.03430993
    0.05500462
    0.03426346
    0.06741360
    0.06038241
    0.08024308
    0.08695401
    0.06041530
    0.06731483
    0.05175792
    0.05216575
    0.05448964
    0.05460959
   -0.01061924
    0.05205992
   -0.01083412
    0.05183159
    0.09149758
    0.09134590
   -0.14253291
   -0.20385701
   -0.14379899
   -0.20402651
    0.05642688
   -0.04860084
   -0.04447748
   -0.05292228
    0.05639822
    0.02444380
    0.08026183
    0.05447778
    0.08715953
    0.02671314
    0.02674255
   -0.11663470
    0.04329204
    0.04302874
    0.04705370
   -0.11298272
    0.04471905
    0.04886462
    0.03680492
   -0.11292955
    0.04454714
    0.03697810
    0.04889826
   -0.11295236
    0.04898816
    0.04460884
    0.03673480
   -0.11662041
    0.04717367
    0.04277976
    0.04345853
   -0.11296170
    0.04902655
    0.03709177
    0.04456891
   -0.30426683
   -0.30428578
    0.07772679
    0.05488725
    0.08014637
    0.05524541
    0.07773907
    0.08015359
    0.05509466
    0.05495983
    0.04716286
   -0.34612933
    0.04728183
    0.07930544
    0.04683220
    0.07930521
    0.04684198
    0.04677839
    0.04671935
   -0.34895813
    0.07925076
    0.04469054
    0.04465423
    0.08058075
    0.04256318
   -0.34892099
    0.04250691
    0.03478833
    0.04290419
    0.07144239
    0.04289885
    0.04707871
   -0.34610636
    0.04736932
    0.07932620
    0.04691610
    0.07932191
    0.04674908
    0.04677806
    0.04667116
   -0.34893933
    0.07927928
    0.04450984
    0.04477319
    0.08062054
    0.04237553
   -0.34883020
    0.04262723
    0.03481039
    0.04284049
    0.07144214
    0.04289400
