   -0.94568946
   -0.25124974
   -0.43992264
   -0.41528349
   -0.42800429
   -0.26689594
   -0.43182786
    0.09565655
   -0.13293093
   -0.18872958
   -0.25496256
   -0.18929156
   -0.13297644
    0.09218642
    0.09933708
   -0.13560936
   -0.20473998
   -0.16606103
   -0.15613604
   -0.20080277
   -0.14388316
    0.09776022
    0.09126960
   -0.13882569
   -0.19125753
   -0.24891211
   -0.19360465
   -0.14067314
    0.09800184
    0.05137819
    0.03576669
   -0.02210567
   -0.02119078
   -0.03224126
    0.03724553
   -0.04122903
   -0.01626892
    0.05481933
   -0.02038539
   -0.02913743
   -0.03082589
   -0.02730024
   -0.01655587
    0.35533134
    0.06289258
    0.07818100
   -0.04139444
   -0.02022679
    0.04079159
   -0.02487387
   -0.02834673
   -0.03044527
   -0.03148981
   -0.03009333
   -0.01254744
    0.04509008
    0.09126131
   -0.04385885
   -0.01512185
   -0.04544734
    0.09068165
    0.04708847
   -0.00530878
    0.05801341
   -0.04907706
    0.05537659
   -0.04071365
   -0.02159122
   -0.03697822
    0.07808898
   -0.01959162
    0.05205271
   -0.02393167
   -0.03729231
   -0.02418247
    0.07786365
   -0.06393686
    0.07986442
    0.27733294
    0.05196816
    0.27629644
    0.05333108
   -0.30732037
    0.05361878
   -0.02001373
    0.05366942
   -0.05037706
    0.05653212
   -0.03678175
   -0.02644705
   -0.04048651
    0.08459974
   -0.00316961
    0.04843453
    0.09033376
   -0.04466473
   -0.01458891
   -0.04326922
    0.08926548
    0.04319995
   -0.01271418
    0.05327180
    0.03547018
   -0.02608707
   -0.02137960
   -0.02386550
    0.03965476
   -0.04357598
   -0.02413702
    0.03920143
   -0.02352013
   -0.02842973
   -0.02976920
   -0.03149481
   -0.03001065
    0.35312796
    0.07643848
    0.07836263
   -0.03424169
   -0.02531875
    0.04492253
   -0.02245235
   -0.02847875
   -0.03227005
   -0.03257780
   -0.02668819
    0.04862247
    0.07469310
    0.02457894
    0.02918771
    0.03634277
    0.02558437
    0.02870441
    0.07344738
    0.09424295
   -0.32227261
    0.03586880
    0.04766754
    0.04040600
    0.03968538
    0.04260215
    0.04378515
    0.04200703
    0.05699624
    0.05866556
    0.05272325
    0.05382920
    0.05733218
    0.05755216
    0.08744809
    0.08415201
    0.05935717
    0.05214647
    0.09096714
    0.07576489
    0.06257573
    0.06196412
    0.08114830
    0.08475797
    0.06337748
    0.04792573
    0.05038889
    0.05362116
    0.07356375
    0.07236458
    0.05275652
    0.03785758
    0.04261533
    0.04599229
    0.04604044
    0.04192438
    0.05956047
    0.07940607
   -0.32085372
    0.04447126
    0.04131119
    0.02993477
    0.03088629
    0.04565609
    0.04076818
    0.02400282
    0.22233434
    0.21750169
    0.07283194
    0.05589888
    0.04103779
    0.07803726
    0.04036089
   -0.32650748
    0.04416900
    0.07653355
    0.03957166
    0.07807273
    0.04146545
    0.03763600
    0.03911483
   -0.32681456
    0.02481991
    0.04012264
    0.04035792
    0.07809590
   -0.31213115
    0.04229251
    0.07611170
    0.05646714
    0.04422549
    0.07820480
    0.04504410
    0.04190148
    0.04100297
   -0.32530913
    0.07632515
    0.04064261
    0.03981300
    0.07730911
    0.04023693
   -0.32795090
    0.03940307
    0.02459724
    0.04098770
    0.07718273
    0.04066015
    0.04750724
    0.05077202
    0.04340485
    0.07767227
    0.04396726
    0.04276697
    0.04258783
   -0.32618584
    0.07607788
    0.04070736
    0.04095138
    0.07735394
    0.03944488
   -0.32745155
    0.03963776
    0.02471349
    0.04045925
    0.07741858
    0.04060524
    0.07500369
    0.04171890
    0.04847012
    0.07574206
    0.04135728
   -0.32653046
    0.04685078
    0.07570715
    0.04014261
    0.07707627
    0.04216629
    0.03868329
    0.04019796
   -0.32771295
    0.02488204
    0.03991695
    0.04050430
    0.07670934
