    1.01804263
    1.02092636
    1.00664817
   -0.54689521
   -0.56607225
   -0.32790750
   -0.36727554
   -0.55298545
   -0.56764439
   -0.35768014
   -0.34220253
   -0.34353218
   -0.56162917
   -0.55709162
   -0.35431541
   -0.10654566
   -0.09992222
   -0.10581347
   -0.06952248
   -0.00831585
    0.28510605
    0.28293461
   -0.00754251
   -0.06497867
   -0.13749725
    0.10822398
    0.11402799
   -0.13503640
    0.05028910
    0.08059510
    0.09272557
   -0.00689360
    0.28264988
    0.28490600
   -0.01173309
    0.03559176
    0.09953910
   -0.07137943
    0.05616094
    0.05666924
   -0.07139666
    0.05566888
    0.06697653
    0.03460903
    0.09698194
    0.03483855
    0.09689873
    0.28188244
   -0.00682238
   -0.01001116
   -0.06130902
   -0.13561406
    0.11062302
    0.10845748
   -0.13689114
    0.08462760
    0.05204865
    0.09200863
    0.28174303
   -0.07110729
    0.06180588
    0.05512312
   -0.07154655
    0.05735644
    0.06655366
   -0.07106742
    0.05537334
    0.06656750
   -0.07240929
    0.05233631
    0.06591054
   -0.13718861
    0.10790592
    0.11517386
   -0.13869837
    0.09901418
    0.05053691
    0.08886387
    1.00057077
    1.00466824
    1.00613917
   -0.55775813
   -0.57325724
   -0.36552918
   -0.40824912
   -0.55960573
   -0.58137960
   -0.38005955
   -0.36524023
   -0.34988096
   -0.56359377
   -0.55333544
   -0.36303995
   -0.11199673
   -0.10603173
   -0.10075818
   -0.06520378
   -0.01664964
    0.28102776
    0.28386251
    0.01131588
   -0.06917968
   -0.13343152
    0.10235012
    0.10553023
   -0.12949106
    0.04425665
    0.07770575
    0.08958142
   -0.01302658
    0.27715375
    0.27931947
   -0.02575601
    0.03741674
    0.09691254
   -0.07037963
    0.05425532
    0.05521695
   -0.07139592
    0.05540112
    0.06593099
    0.04234876
    0.08567832
    0.03950814
    0.08965226
    0.28589100
    0.00388225
   -0.00383339
   -0.05971442
   -0.13392656
    0.10796927
    0.10435523
   -0.13500334
    0.08680738
    0.04875264
    0.09068777
    0.28514418
   -0.07022821
    0.05993187
    0.05259641
   -0.06961784
    0.05514332
    0.06519516
   -0.06888147
    0.05240954
    0.06328378
   -0.06926833
    0.04392513
    0.06221958
   -0.13564073
    0.10875220
    0.10824764
   -0.13507000
    0.09635572
    0.04884751
    0.08076803
   -0.64200336
