   -0.46765958
   -0.46783844
    0.12781478
   -0.12176295
   -0.12332382
   -0.05019799
    0.09702562
    0.11062243
   -0.01023546
    0.08140791
    0.10246527
   -0.18832819
    0.20289646
    0.26869783
   -0.02053181
   -0.04383933
   -0.02130536
    0.06221238
   -0.03110986
    0.05559785
   -0.02136406
    0.06178018
   -0.02085297
    0.26865540
   -0.18808753
    0.20262432
   -0.01036055
    0.10243500
    0.08137062
   -0.05276892
    0.10129345
    0.10979014
   -0.46850197
   -0.46825358
    0.12797705
   -0.12320767
   -0.12189440
   -0.04767553
    0.09766675
    0.12328554
   -0.00676756
    0.07746057
    0.08811280
   -0.19074616
    0.20707558
    0.26737969
   -0.01951373
   -0.04751986
   -0.01963756
    0.06482119
   -0.02978670
    0.05630347
   -0.01964357
    0.06507716
   -0.01945239
    0.26729615
   -0.19043731
    0.20806951
   -0.00574401
    0.08981086
    0.07518537
   -0.04794517
    0.09814406
    0.12266452
    1.08500345
    0.12039666
    0.11929549
    0.10755411
    0.11847245
    0.11181564
    0.12201474
    0.11870007
    0.12219212
    0.11206059
    0.12041321
    0.10737942
    0.11968709
   -0.51230558
   -0.49760053
   -0.49612871
   -0.51228859
    0.06352061
    0.06309187
