   -0.34402587
   -0.34437330
   -0.34259991
   -0.34460523
   -0.34711144
   -0.34617933
   -0.34157854
   -0.34011612
   -0.13247813
    0.23450897
   -0.25855656
    0.25125784
    0.24898593
   -0.27400442
    0.25519355
    0.26065235
   -0.13555550
    0.23626488
   -0.26106922
    0.24035292
    0.26329372
   -0.26111839
    0.24878683
    0.26363426
   -0.13899736
    0.22861443
   -0.24417118
    0.24954963
    0.26724354
   -0.27455277
    0.25986696
    0.24483770
   -0.13357653
    0.22827465
   -0.25627343
    0.25415904
    0.25452486
   -0.26826274
    0.25399045
    0.25436073
    0.12202988
   -0.07802672
    0.04921778
    0.12212584
    0.23139037
    0.00734945
    0.06534063
    0.12280446
   -0.07705806
    0.05041207
    0.12287268
    0.23195330
    0.06459581
    0.00927326
    0.12220468
   -0.07821873
    0.04977971
    0.12235305
    0.23108273
    0.06580423
    0.00793980
    0.12310664
   -0.07693181
    0.05187531
    0.12309454
    0.23050867
    0.00731268
    0.06590344
   -0.00506959
   -0.05644582
    0.11174317
   -0.00476628
   -0.01780649
    0.06319102
   -0.00235559
   -0.05497955
    0.11622076
   -0.00275767
   -0.01714631
    0.05916303
   -0.00554000
   -0.05673958
    0.11106812
   -0.00540962
   -0.01664701
    0.06190404
   -0.00208562
   -0.05511643
    0.11809567
   -0.00209924
   -0.01803746
    0.06449464
   -0.08446832
    0.07908847
    0.06462328
   -0.08130096
    0.05343137
    0.05466323
   -0.03288914
    0.09004391
    0.09276588
    0.24108930
   -0.08048464
    0.05821498
   -0.07968269
    0.06962107
    0.04655100
   -0.02354102
    0.08026883
    0.07547821
    0.23907799
   -0.07992799
    0.07677642
    0.05367464
   -0.07952703
    0.07000094
    0.04682341
   -0.02924616
    0.10152668
    0.06936783
    0.23808986
   -0.08176642
    0.06231622
    0.07567779
   -0.08089452
    0.05190486
    0.05221194
   -0.03553481
    0.09341513
    0.10220336
    0.24053602
    0.07820650
    0.72146454
   -0.42696596
   -0.42800814
   -0.42091082
   -0.41608617
