    0.04673756
   -0.01820395
   -0.25600150
   -0.04899230
   -0.04899231
    0.08874469
    0.08874467
    0.09240776
   -0.14733389
   -0.20274920
    0.04253324
   -0.00859846
    0.06144656
    0.09240768
   -0.14733400
   -0.20274905
    0.04253324
   -0.00859839
    0.06144653
    0.05324787
    0.05324794
   -0.97818288
    0.04461296
    0.01506045
   -0.04483170
   -0.03795808
   -0.03301594
   -0.03597361
    0.06394082
    0.04861933
    0.04209728
    0.05127929
    0.02624875
    0.04461293
    0.01506046
   -0.04483171
   -0.03795806
   -0.03301592
   -0.03597359
    0.06394084
    0.04861926
    0.04209724
    0.05127928
    0.02624875
   -0.11166359
   -0.11421744
   -0.11413982
   -0.11166360
   -0.11413984
   -0.11421741
    0.03406289
    0.04708449
    0.03414451
    0.03468615
    0.04356372
    0.05002271
    0.03494863
    0.04997065
    0.04357667
    0.03414451
    0.04708447
    0.03406287
    0.03468610
    0.05002272
    0.04356372
    0.03494864
    0.04357673
    0.04997065
