   -0.51396583
   -0.51109888
   -0.50186407
   -0.50143701
   -0.50380518
   -0.50885437
   -0.50642915
   -0.51115091
   -0.50286524
   -0.50605066
   -0.50764849
   -0.51253204
   -0.15175612
   -0.15387441
   -0.15188397
   -0.14563947
   -0.15777982
   -0.15786197
   -0.15485834
   -0.17071093
   -0.15924334
   -0.15861187
   -0.15731718
   -0.15287789
   -0.15954624
   -0.15873987
   -0.15710349
   -0.15526193
   -0.15988115
   -0.15297538
   -0.16507331
   -0.16051837
   -0.15863231
   -0.15424498
   -0.14714369
   -0.16179879
    0.32568559
    0.11212159
    0.04889700
    0.32418941
    0.11014249
    0.05141263
    0.06959488
    0.10805920
    0.10018802
    0.32598701
    0.12797929
    0.03186395
    0.32812538
    0.12398553
    0.03935871
    0.06840280
    0.11224296
    0.10696406
    0.32730472
    0.11960838
    0.03806111
    0.32289502
    0.11797616
    0.04131095
    0.07565248
    0.10408295
    0.10260714
    0.32617682
    0.12548176
    0.03342789
    0.32552482
    0.12761494
    0.03407799
    0.06972976
    0.10952343
    0.10800197
    0.32689091
    0.11596945
    0.05170910
    0.32761531
    0.12014798
    0.03769953
    0.07277294
    0.10000237
    0.10404659
    0.32766873
    0.11471280
    0.04412983
    0.32567597
    0.11909571
    0.03606486
    0.06787416
    0.10848166
    0.11252183
   -0.42534562
   -0.43368980
   -0.01022708
    0.09397484
    0.07583930
   -0.06672344
    0.01513698
    0.07373713
   -0.05901103
    0.06646317
    0.01142998
   -0.06307279
    0.06918795
    0.06833815
   -0.09147073
    0.03471916
    0.07691715
    0.36601559
   -0.46301988
   -0.41591721
   -0.00564555
    0.06124157
    0.09172957
   -0.07265280
    0.07132917
    0.03877444
   -0.05329936
    0.05390655
    0.01441727
   -0.05069833
    0.03712807
    0.04447826
   -0.11315600
    0.08216297
    0.08792890
    0.36998919
    0.00248940
   -0.06787264
   -0.06824971
   -0.06605398
   -0.45789696
   -0.42088100
   -0.00018626
    0.07583274
    0.06461576
   -0.05133705
    0.02288537
    0.01791990
   -0.06626422
    0.05196005
    0.05009339
   -0.05263872
    0.04251286
    0.04166730
   -0.11414213
    0.08448290
    0.10198672
    0.36976591
   -0.48070934
    0.00067885
    0.06371864
    0.07270529
   -0.06531476
    0.04647872
    0.03585106
   -0.07104530
    0.04914062
    0.05816759
   -0.06997283
    0.06221485
    0.07036239
   -0.11102792
    0.08433000
    0.06864293
    0.37245032
   -0.00263103
   -0.06844387
   -0.07006405
   -0.06076638
   -0.11531489
   -0.46444757
   -0.42480508
   -0.06704249
    0.37046113
   -0.40741459
    0.00188243
   -0.06537636
    0.37105324
    0.00383019
    0.05244087
    0.06541896
   -0.06706681
   -0.06926278
   -0.06161164
   -0.41620393
   -0.46485300
    0.01101343
    0.05717884
    0.05039179
   -0.06559171
    0.04258750
    0.05444729
   -0.06140761
    0.04758174
    0.03206166
   -0.06202395
    0.06607288
    0.05160778
   -0.11491810
    0.08901450
    0.08522379
    0.37063454
   -0.41461354
   -0.49234511
   -0.00238117
   -0.05903455
   -0.10937024
    0.36827619
   -0.46631753
   -0.42512198
   -0.00292539
   -0.07113954
   -0.06629793
   -0.11262896
    0.36691806
   -0.10007595
    0.37092082
   -0.46582428
    0.37037325
    0.00840178
   -0.06620424
   -0.05985937
   -0.11196736
   -0.06877093
   -0.10136742
   -0.50072621
   -0.06847216
   -0.46580552
   -0.42637276
   -0.11370478
    0.37040438
   -0.07737096
   -0.05131599
   -0.06286765
    0.06719642
    0.05713409
    0.08747029
    0.09264620
    0.05420957
    0.05887654
    0.04094931
    0.05771213
    0.05052735
    0.04482069
   -0.50094989
   -0.40655649
    0.41816037
    0.07318028
    0.06965000
   -0.42627675
    0.41699317
    0.09346592
    0.09371233
    0.04251101
    0.05155138
    0.04790338
    0.09130448
    0.09522352
    0.04939888
    0.05251126
    0.05407194
    0.08861222
    0.09238980
    0.05224578
    0.03861942
    0.05654417
    0.05491540
    0.41790151
    0.05764293
    0.08512559
    0.05152167
    0.04480435
    0.04663336
    0.05241248
    0.05389027
    0.05637563
    0.09469967
    0.07936423
    0.41318486
    0.03762894
    0.05179453
    0.05484924
    0.04766244
    0.04870650
    0.04668343
    0.05345278
    0.04683168
    0.05681615
    0.06008426
    0.03732632
    0.05615567
    0.04429041
    0.05096472
    0.09470540
    0.08689948
    0.41638870
    0.41604415
    0.41129726
    0.40899957
    0.41943339
    0.34275997
   -0.40955473
    0.41539542
    0.10341910
    0.07127940
    0.03131254
    0.03937763
    0.05132046
    0.07500132
    0.03967134
    0.10070954
    0.09640186
    0.42497460
    0.06643038
    0.07416246
    0.05257156
    0.04344941
   -0.93062608
