   -0.51992241
   -0.49340046
   -0.49784329
   -0.50073488
   -0.52038461
   -0.50188896
   -0.15590100
   -0.14808348
   -0.15111315
   -0.13127226
   -0.15211976
   -0.14920039
   -0.14571063
   -0.14059807
   -0.14688035
   -0.15271841
   -0.13785239
   -0.13778248
    0.32184944
    0.32449991
    0.10833633
    0.04824374
    0.10076732
    0.06168164
    0.32362356
    0.32133660
    0.11088775
    0.03945681
    0.11167376
    0.03888156
    0.32213469
    0.32030256
    0.10394358
    0.05366562
    0.10344191
    0.05708787
   -0.01506101
    0.07440450
    0.06850293
    0.07850700
    0.05477059
    0.13193304
    0.10382327
    0.06192821
    0.10613799
    0.11323266
    0.06843075
    0.10253031
    0.10786331
   -0.01786746
    0.08870813
    0.06876548
    0.10834709
   -0.01461621
    0.07743837
    0.07667347
    0.06503158
   -0.00834782
    0.08021590
    0.08389745
    0.09282740
   -0.01470502
    0.06871901
    0.09470153
    0.09098616
   -0.01103286
    0.09116971
    0.08764260
    0.07656398
   -0.50810629
   -0.49410376
   -0.51787073
   -0.50027187
   -0.51198188
   -0.50237346
   -0.15188907
   -0.14618198
   -0.14901876
   -0.13499814
   -0.15470357
   -0.14802868
   -0.14447676
   -0.13691319
   -0.15129598
   -0.15161379
   -0.14666555
   -0.14167568
    0.32703660
    0.32493456
    0.11462552
    0.03541055
    0.10688196
    0.04954427
    0.32087619
    0.32061773
    0.10562097
    0.05415865
    0.10292115
    0.06093696
    0.32671423
    0.32474738
    0.11485487
    0.03791675
    0.10809924
    0.05120850
   -0.01355844
    0.07476263
    0.06842269
    0.07615388
    0.06072138
    0.12070647
    0.10635826
    0.06341566
    0.10696789
    0.10812287
    0.06849012
    0.10286023
    0.10997396
   -0.01337894
    0.07981964
    0.06922162
    0.11054595
   -0.01755898
    0.08061082
    0.08054681
    0.06412852
   -0.01033140
    0.07458821
    0.08461479
    0.09575592
   -0.01649333
    0.06528126
    0.08685485
    0.08082953
   -0.01821796
    0.10393197
    0.07568114
    0.05828591
    0.06595087
    0.05124232
   -0.34238216
    0.06946095
    0.05915350
    0.04907841
    0.07748451
    0.05138021
   -0.34183490
    0.03228939
    0.07348823
    0.04846447
    0.06934063
    0.03990405
    0.04642588
    0.05483700
   -0.35188454
    0.02111433
    0.04642416
    0.04746244
    0.08081170
    0.05273077
   -0.33945423
    0.03231633
    0.07408396
    0.05129401
    0.07901800
    0.04445094
    0.04647538
    0.04120339
   -0.34413794
    0.07138547
    0.04237169
    0.05510533
    0.07691175
    0.04276909
   -0.34836299
    0.04363755
    0.02068949
    0.04700165
    0.08353367
    0.04630580
   -0.32913940
    0.09067174
    0.04089606
    0.07121081
    0.03853701
    0.04736294
    0.07298924
    0.05548540
   -0.35244642
    0.05246027
    0.07686740
    0.04938017
    0.07880712
    0.04367125
    0.04687961
    0.03249500
   -0.34610908
    0.03376590
    0.04623289
    0.04088999
    0.07809850
    0.05350644
   -0.33925530
    0.03387413
    0.07357500
    0.05278377
    0.07955888
    0.04483542
    0.04851009
    0.03952586
   -0.34671279
    0.06973678
    0.04524663
    0.05701020
    0.07852506
    0.04278853
   -0.34760145
    0.04224121
    0.02009921
    0.04832430
    0.08219471
    0.04694505
    0.08546616
    0.03906827
   -0.33120552
    0.07200200
    0.04212971
    0.04385556
    0.07371089
    0.05687677
   -0.35029103
    0.04788615
    0.07670189
    0.05193768
    0.07865770
    0.03940668
    0.04209286
    0.04001937
   -0.34731461
    0.02865340
    0.04804361
    0.03646335
    0.08711100
    0.06266348
    0.03763023
   -0.33848534
    0.07534407
    0.05045276
    0.03790636
    0.07649993
    0.04990330
   -0.34414221
    0.04296600
    0.07327463
    0.04907898
    0.07841184
    0.04463369
    0.04236385
    0.04015279
   -0.34803403
    0.01956679
    0.04838484
    0.04647292
    0.08547033
   -0.33879557
    0.04794608
    0.03013271
    0.07691921
    0.04791848
    0.04870021
    0.08006585
    0.04539442
   -0.34524244
    0.04253943
    0.06839193
    0.04361198
    0.07800723
    0.06114538
    0.04112078
    0.04283311
   -0.34729684
    0.01950538
    0.04834331
    0.04742630
    0.08240957
    0.08804275
   -0.33037344
    0.04190908
    0.06978996
    0.04381020
    0.07275991
    0.04609340
    0.05469952
    0.04975109
   -0.34848754
    0.07246791
    0.05084708
    0.04867129
    0.07669992
    0.04197647
   -0.34536607
    0.03880127
    0.02316489
    0.04404593
    0.08776360
    0.04151449
    0.04202381
    0.09716345
   -0.33211249
    0.08014231
    0.02088854
    0.04698882
    0.07596330
    0.04992593
   -0.35523361
    0.05161632
    0.07972166
    0.04431596
    0.07532936
    0.04404095
    0.04161572
    0.04514585
   -0.34797156
    0.02196517
    0.03827922
    0.05195299
    0.08451432
   -0.33946115
    0.07476183
    0.05698398
    0.06564197
    0.04827230
    0.07585578
    0.07260761
    0.03713071
   -0.34755118
    0.04616804
    0.07378433
    0.04522469
    0.07539798
    0.04924629
    0.04230161
    0.04462740
   -0.34808090
    0.02056434
    0.04591559
    0.04749058
    0.08393732
   -0.33119369
    0.03737040
    0.08562191
    0.07060213
    0.04605776
    0.04453783
    0.07401237
    0.04677220
   -0.34757425
    0.05540374
    0.07563058
    0.04146385
    0.07867561
    0.05071045
    0.03646820
    0.04557432
   -0.34791093
    0.02451179
    0.04288370
    0.04923122
    0.08601309
   -0.33940419
    0.03622096
    0.06122104
    0.07452891
    0.04078487
    0.05172445
    0.07801981
    0.04000238
   -0.34415591
    0.05083686
    0.07759689
    0.04044184
    0.07575589
    0.04620820
    0.04932234
    0.04220632
   -0.34833296
    0.02072128
    0.04783110
    0.04669114
    0.08375091
   -0.52168996
   -0.52121790
   -0.52161424
    1.10103711
   -0.51772914
