   -0.36576226
   -0.34204047
   -0.36161791
   -0.34251457
   -0.36345350
   -0.34378665
   -0.33974454
   -0.33415243
   -0.35342552
   -0.36397098
   -0.32503041
   -0.33619700
   -0.32882150
   -0.34578720
   -0.32892218
   -0.36521867
   -0.33664136
   -0.33412681
   -0.32793792
   -0.36907859
   -0.33858568
    0.09379262
    0.04996441
    0.23430087
    0.06680724
    0.23333439
    0.06644258
   -0.33615923
   -0.33394735
    0.10504350
    0.01513273
   -0.35754678
    0.09855237
    0.06131416
   -0.33999191
    0.11372386
    0.02326535
    0.10679567
    0.06443393
    0.10547367
    0.01735105
    0.09265034
    0.04934624
    0.10103270
    0.05792188
    0.11179398
    0.02650118
    0.11274474
    0.02190081
    0.10417781
    0.02388834
   -0.35857935
    0.09432015
    0.04958482
    0.10497864
    0.01623563
   -0.34431258
   -0.33868284
    0.10998222
    0.01338754
   -0.34369290
    0.10770117
    0.02243091
    0.10174195
    0.05676461
    0.23531924
    0.06863536
    0.23572683
    0.06386203
    0.10035382
    0.05733417
    0.11028709
    0.02962193
    0.02372066
    0.02926533
    0.10342051
    0.06170472
    0.09508060
    0.04889869
    0.07668949
    0.04155367
    0.06484732
    0.11108549
    0.02971692
    0.24031015
    0.07134652
    0.07327568
    0.04743597
    0.06629691
    0.02474320
    0.02841159
    0.10448080
    0.05974133
    0.10308430
    0.01074873
    0.02133366
    0.03629682
    0.10207820
    0.06265129
    0.01910858
    0.04581955
    0.08950293
    0.06947187
   -0.31962609
    0.02602197
    0.02284128
    0.10277967
    0.06266880
    0.02889274
    0.05402601
    0.09907139
    0.01589771
    0.09255002
    0.05031201
    0.07734551
    0.04690569
    0.05959290
    0.10373131
    0.05797349
    0.09703444
    0.05946642
    0.23334488
    0.07188686
    0.07773342
    0.05070361
    0.05259586
    0.01235667
    0.06156803
    0.09904028
    0.05326600
    0.01308437
    0.04439309
    0.10620794
    0.06798624
    0.07844792
    0.04482258
    0.05323575
    0.02128302
    0.08902604
    0.04650394
    0.06655670
    0.06408775
    0.05231620
    0.09826243
    0.01328322
    0.05059874
    0.10007241
    0.06320883
    0.00977627
    0.05885607
    0.10200259
    0.06487401
    0.01067757
    0.05507551
    0.10124873
    0.06314508
    0.01176776
    0.06715076
    0.09569702
    0.06779060
    0.04013538
   -0.00732258
    0.08475902
    0.04797453
    0.01747424
    0.05657876
    0.08389063
    0.06733398
    0.01994690
    0.03671322
    0.10385158
    0.06255589
    0.01099649
    0.05646450
    0.10096323
    0.06424123
    0.01519633
    0.05963835
    0.09759818
    0.05088678
   -0.35848666
   -0.36417547
   -0.36619540
    1.16194633
   -0.35620270
   -0.35685485
   -0.35967478
