   -0.50337368
   -0.48794256
   -0.49812013
   -0.48963864
   -0.50271628
   -0.49208022
   -0.15182680
   -0.14422635
   -0.15123300
   -0.14714409
   -0.14730695
   -0.14756551
   -0.15096554
   -0.14389020
   -0.14833693
   -0.14746986
   -0.14403956
   -0.14374845
    0.32605044
    0.32253155
    0.11450404
    0.05938560
    0.11309905
    0.05935921
    0.32474929
    0.31879060
    0.11268706
    0.06265517
    0.11276283
    0.06051947
    0.32613100
    0.31806487
    0.11155084
    0.06383338
    0.11189271
    0.06402354
   -0.00811659
    0.06976382
    0.07443312
    0.07567043
    0.06743290
    0.10238555
    0.10087623
    0.06744914
    0.09798416
    0.10005461
    0.06963188
    0.09807006
    0.09807108
   -0.01506966
    0.07839341
    0.06675867
    0.08824552
   -0.00834115
    0.06579347
    0.07555054
    0.07055800
   -0.00506512
    0.07970436
    0.08858591
    0.08060333
   -0.00579315
    0.07912974
    0.09075677
    0.07720955
   -0.00572973
    0.08000839
    0.09051746
    0.08004445
   -0.50319545
   -0.48067727
   -0.50005227
   -0.49039048
   -0.49898315
   -0.49230472
   -0.14774844
   -0.14636659
   -0.15373739
   -0.14050072
   -0.14748102
   -0.14743163
   -0.14815563
   -0.14497486
   -0.15236069
   -0.14831523
   -0.14992161
   -0.14842841
    0.32665134
    0.32222766
    0.11453545
    0.05931462
    0.11163870
    0.05884377
    0.32463856
    0.31833997
    0.11168045
    0.06564197
    0.11298363
    0.05882353
    0.32648244
    0.32284060
    0.11366897
    0.06080108
    0.11532945
    0.05482888
   -0.00884674
    0.06630087
    0.07252852
    0.07725211
    0.06763345
    0.10217383
    0.10125384
    0.06775860
    0.09810525
    0.09768434
    0.07041498
    0.09643640
    0.10001841
   -0.00937582
    0.08499265
    0.07731683
    0.09225618
   -0.00997643
    0.06911244
    0.07840881
    0.07075178
   -0.00545988
    0.07984322
    0.08913405
    0.08014805
   -0.00964415
    0.07532231
    0.08316395
    0.06521850
   -0.01315815
    0.08624475
    0.07775575
    0.06855577
    0.04781042
    0.02790992
   -0.32635643
    0.07777148
    0.04348889
    0.04060081
    0.07775412
    0.04419710
   -0.33206631
    0.04319462
    0.07758836
    0.04202151
    0.07898441
    0.04123467
    0.03971884
    0.03908852
   -0.32948954
    0.03218389
    0.03943698
    0.03926576
    0.07043599
    0.04474987
   -0.32705052
    0.02714581
    0.07884133
    0.04141261
    0.08073490
    0.04070505
    0.03929995
    0.04319613
   -0.33437520
    0.07371779
    0.03873209
    0.05440051
    0.08017006
    0.03772837
   -0.32873669
    0.03758405
    0.03229870
    0.03888389
    0.06995234
    0.03855625
   -0.32299875
    0.07887064
    0.03154481
    0.07094934
    0.03866858
    0.05461985
    0.07818837
    0.04470945
   -0.33403077
    0.04269650
    0.07903365
    0.04154825
    0.08104877
    0.03949853
    0.03871653
    0.03601500
   -0.33055967
    0.03331058
    0.03944414
    0.03745852
    0.07498860
    0.04441874
   -0.32703988
    0.02800294
    0.07840906
    0.04159635
    0.08069877
    0.04147237
    0.03902499
    0.04330784
   -0.33408507
    0.07352578
    0.03868789
    0.05466419
    0.07995629
    0.03777458
   -0.32887840
    0.03785928
    0.03224699
    0.03885697
    0.06985284
    0.03857450
    0.07638072
    0.03009487
   -0.32551511
    0.07132284
    0.03829830
    0.05602447
    0.07970806
    0.04091155
   -0.33318154
    0.04316278
    0.07867688
    0.04146815
    0.08041650
    0.04007242
    0.03880807
    0.03730620
   -0.33076906
    0.03293273
    0.03975885
    0.03768334
    0.07486837
    0.07616165
    0.03972132
   -0.32521369
    0.08121791
    0.04062729
    0.03296086
    0.07612715
    0.04042072
   -0.33833307
    0.05261710
    0.07919071
    0.04300831
    0.07793340
    0.03905555
    0.03855203
    0.04069272
   -0.32900377
    0.03366253
    0.03864368
    0.03711488
    0.07030604
   -0.32718471
    0.04450420
    0.02835316
    0.07864426
    0.04176637
    0.04099128
    0.08063845
    0.03930229
   -0.33423484
    0.04316789
    0.07370249
    0.03862608
    0.08012130
    0.05449784
    0.03767739
    0.03774487
   -0.32884051
    0.03223699
    0.03894884
    0.03857529
    0.06991933
    0.07950506
   -0.32357997
    0.03308821
    0.06924404
    0.03997628
    0.07771828
    0.05585749
    0.04425563
    0.04142300
   -0.33379435
    0.07759058
    0.04257536
    0.04082257
    0.07890599
    0.03917835
   -0.32858102
    0.03757563
    0.03206599
    0.03932993
    0.07093160
    0.03859774
    0.03932081
    0.07480462
   -0.32513681
    0.08230388
    0.03181852
    0.04100675
    0.07710446
    0.05092529
   -0.33822180
    0.04097462
    0.08156432
    0.03713977
    0.07828259
    0.04089308
    0.04166335
    0.03955049
   -0.33188700
    0.03153194
    0.03960455
    0.04144844
    0.07006457
   -0.32500654
    0.05635970
    0.04820625
    0.07270464
    0.04545642
    0.04846960
    0.07585902
    0.04860788
   -0.33563769
    0.04097895
    0.07864000
    0.04228186
    0.07913990
    0.04051816
    0.03810739
    0.03850577
   -0.32888838
    0.03256746
    0.03867311
    0.03872547
    0.07030181
   -0.32387419
    0.03038280
    0.07676218
    0.07175120
    0.05428367
    0.03821166
    0.07829882
    0.04260039
   -0.33382591
    0.04437973
    0.07897075
    0.03956125
    0.08091201
    0.04141262
    0.03635952
    0.03868880
   -0.33076582
    0.03303843
    0.03765956
    0.03977769
    0.07502112
   -0.32533589
    0.03326102
    0.04363598
    0.08013958
    0.03733229
    0.03993543
    0.07957774
    0.04358162
   -0.33276119
    0.04233825
    0.07816588
    0.04082689
    0.07931190
    0.04154503
    0.03838746
    0.03967432
   -0.32936928
    0.03207483
    0.03914622
    0.03966873
    0.07074394
   -0.97602386
