   -0.15449429
    0.22093251
    0.25934388
   -0.49674896
    0.06604977
   -0.22958865
    0.06607970
    0.25930925
   -0.49697716
   -0.15457371
    0.22112432
    0.00037891
    0.08056339
    0.05738881
    0.00041967
    0.05745965
    0.08050053
   -0.03166895
    0.06617802
   -0.01534312
    0.05993139
   -0.03162282
    0.06612921
   -0.00360932
   -0.15265322
    0.21879789
    0.26089412
   -0.49695208
    0.06801766
   -0.22167793
    0.06799820
    0.26093597
   -0.49676490
   -0.15246997
    0.21873179
   -0.00380555
    0.08146207
    0.06570065
   -0.03180630
   -0.01576930
   -0.03182305
    0.06040136
    0.05636549
    0.06046923
    0.06544826
    0.08120501
   -0.90986741
