   -0.49701052
   -0.50037101
   -0.50847049
   -0.50312473
   -0.50567096
   -0.50278284
   -0.53455608
   -0.49860283
   -0.50625483
   -0.49942690
   -0.50053843
   -0.50122052
   -0.15233946
   -0.15355281
   -0.15589651
   -0.14422510
   -0.15577120
   -0.16800982
   -0.15697700
   -0.15044714
   -0.15588845
   -0.15338290
   -0.14634084
   -0.14612213
   -0.15822833
   -0.16459072
   -0.14892662
   -0.13953420
   -0.15515737
   -0.14989421
   -0.14422634
   -0.15264806
   -0.16238485
   -0.15342854
   -0.14197183
   -0.14962971
    0.32383021
    0.11646983
    0.01764657
    0.32142504
    0.11837397
    0.02737125
    0.06248388
    0.11426474
    0.12037309
    0.32207133
    0.11972238
    0.02641591
    0.32215029
    0.11492481
    0.04900216
    0.07310361
    0.10543225
    0.10607639
    0.32545480
    0.12412608
    0.02314475
    0.32576383
    0.12488049
    0.01692857
    0.06678891
    0.10678937
    0.12256864
    0.32496596
    0.11890467
    0.03465768
    0.32211018
    0.11610611
    0.04374513
    0.07502831
    0.10666195
    0.09804186
    0.32632677
    0.12149408
    0.02605636
    0.32534329
    0.12489822
    0.01588702
    0.06601936
    0.11531529
    0.11060435
    0.32064563
    0.11108035
    0.04994339
    0.32486116
    0.11160288
    0.03628323
    0.05805164
    0.12471091
    0.12187006
   -0.01123899
    0.11008229
    0.08282202
   -0.05574324
    0.00636893
    0.07869245
   -0.10159222
    0.11507100
    0.05625314
    0.36865799
   -0.42193101
   -0.01431506
    0.07737075
    0.10433664
   -0.08312361
    0.10154714
    0.06864259
   -0.11778683
    0.12790547
    0.11319153
    0.37201803
   -0.40855264
    0.00504683
   -0.06280525
   -0.11618135
    0.37247651
   -0.01077344
    0.10042856
    0.07573645
   -0.07628866
    0.09371755
    0.06238150
   -0.11193023
    0.09901179
    0.10806364
    0.36475720
   -0.41856623
    0.00489874
    0.04657265
    0.07327216
   -0.07253137
    0.08466409
    0.06658744
   -0.11539612
    0.11606453
    0.09158852
    0.37127474
   -0.38902279
   -0.00556056
   -0.06404057
   -0.11635449
    0.37237159
   -0.41753016
   -0.11835946
   -0.00764496
    0.37211738
    0.00568080
    0.07291506
    0.04793861
   -0.06503551
   -0.11008505
    0.37057400
   -0.00375475
    0.07821797
    0.07273345
   -0.06677416
    0.05274458
    0.06399293
   -0.11698529
    0.10228165
    0.10156073
    0.37212689
   -0.41768778
   -0.00733764
    0.36473173
   -0.41225423
   -0.00988257
   -0.06401057
   -0.11442106
   -0.38735415
   -0.41620386
   -0.01342605
   -0.07461219
    0.37208780
   -0.39975203
   -0.06338413
   -0.41978552
   -0.11654159
   -0.40905917
   -0.07243874
   -0.08636362
    0.37084438
    0.05981768
    0.05981088
    0.05007668
    0.07629847
    0.10191849
    0.09454708
    0.07047709
    0.07553295
    0.05427379
    0.09381445
    0.08049332
    0.07240058
    0.07203023
    0.04185374
    0.07381308
    0.09880610
    0.04960196
    0.05735205
    0.08835559
    0.09147969
    0.05080300
    0.06690112
    0.10128384
    0.09642083
    0.10466451
    0.09618796
    0.10024644
    0.07339511
    0.05192592
    0.07949659
    0.13395509
    0.09426157
    0.08065205
    0.06662240
    0.11383779
    0.07506513
    0.07548370
    0.10651335
    0.09105362
   -0.46382828
    0.42389177
   -0.47516963
    0.38938715
   -0.46789794
    0.39763960
   -0.47474136
    0.43064842
   -0.46127694
    0.42292915
   -0.46025112
    0.42118172
   -0.48861910
    0.37110522
   -0.50212896
    0.43564823
   -0.46114566
    0.42081837
   -0.54246636
    0.42809995
   -0.45720408
    0.38723668
   -0.49996606
    0.41675943
   -0.52120644
   -0.51845784
    1.12753911
   -0.54180357
   -0.51744369
