   -0.36563759
   -0.34217597
   -0.36517019
   -0.34348185
   -0.36625490
   -0.34482928
   -0.34144862
   -0.32833896
   -0.35894836
   -0.36121482
   -0.32220775
   -0.33899493
   -0.32661421
   -0.34262996
   -0.33106230
   -0.36297294
   -0.33318045
   -0.33094689
   -0.32750113
   -0.37153324
   -0.33640311
    0.09428523
    0.05161176
    0.23492182
    0.06485486
    0.23484732
    0.06463574
   -0.33220243
   -0.33160098
    0.10396607
    0.01523990
   -0.36206249
    0.09755201
    0.06214405
   -0.34053636
    0.11604831
    0.02550054
    0.10760649
    0.06381110
    0.11179392
    0.00004394
    0.09370849
    0.04688607
    0.10305175
    0.05510821
    0.11493558
    0.02795141
    0.11519901
    0.01843739
    0.10247112
    0.02372594
   -0.36211188
    0.09416280
    0.05066425
    0.10382769
    0.01412831
   -0.34113408
   -0.33254627
    0.11051203
    0.01161060
   -0.34096744
    0.10358440
    0.02273334
    0.10394762
    0.05385947
    0.23721183
    0.06867686
    0.23558185
    0.06418315
    0.09985129
    0.05931090
    0.11361182
    0.02314517
    0.02541103
    0.02586974
    0.10408919
    0.06468479
    0.09580173
    0.05043112
    0.07386987
    0.04722905
    0.06565351
    0.11152150
    0.02553478
    0.24020399
    0.07046946
    0.07383140
    0.04808675
    0.06618758
    0.02090813
    0.03554450
    0.10509341
    0.06287126
    0.10766535
   -0.00735652
    0.02240016
    0.03738483
    0.10489242
    0.05840614
    0.02103659
    0.04723898
    0.08590318
    0.06942542
   -0.31942145
    0.02709759
    0.02594697
    0.10438191
    0.06052796
    0.03561464
    0.02311145
    0.10230189
    0.04158321
    0.09298966
    0.04754828
    0.08247402
    0.04183584
    0.05975676
    0.10741919
    0.05644967
    0.09644922
    0.05714566
    0.23840158
    0.06845157
    0.08378814
    0.04503355
    0.04120262
    0.01438367
    0.05971731
    0.10034137
    0.05115461
    0.01436568
    0.04462323
    0.10461844
    0.06461171
    0.08304615
    0.04165911
    0.04212872
    0.02282604
    0.08694740
    0.04690897
    0.06725672
    0.06665758
    0.05190143
    0.09667730
    0.01269635
    0.05217696
    0.10231603
    0.06320149
    0.01036816
    0.05496328
    0.10192081
    0.06314451
    0.01102987
    0.05305497
    0.10226697
    0.06317163
    0.01094480
    0.06561109
    0.09989664
    0.06776289
    0.04184264
   -0.00784174
    0.08680287
    0.04629137
    0.01923976
    0.05310656
    0.08360048
    0.07129906
    0.02380557
    0.02910184
    0.10518896
    0.06400402
    0.01047787
    0.05643306
    0.10314848
    0.06357711
    0.01650834
    0.05822751
    0.10013008
    0.04894876
   -0.53178420
   -0.52689375
    1.10405355
   -0.51496106
   -0.51527036
