    0.04023492
   -0.01492248
   -0.26350155
   -0.04692583
   -0.04692582
    0.09128724
    0.09128723
    0.09477846
   -0.14402933
   -0.20127034
    0.04674462
   -0.00640733
    0.06145563
    0.09477845
   -0.14402942
   -0.20127028
    0.04674466
   -0.00640731
    0.06145553
    0.04907333
    0.04907338
   -0.98343615
    0.04629009
    0.01314526
   -0.04174944
   -0.03771856
   -0.03244451
   -0.03441753
    0.05960425
    0.04993791
    0.04240935
    0.04795832
    0.02607248
    0.04629008
    0.01314524
   -0.04174948
   -0.03771856
   -0.03244450
   -0.03441753
    0.05960427
    0.04993790
    0.04240930
    0.04795826
    0.02607246
   -0.10702369
   -0.10779185
   -0.10756737
   -0.10702369
   -0.10756751
   -0.10779168
    0.03384847
    0.04264245
    0.03408626
    0.03317910
    0.04113870
    0.04491808
    0.03341958
    0.04483540
    0.04133351
    0.03408631
    0.04264249
    0.03384836
    0.03317892
    0.04491811
    0.04113861
    0.03341983
    0.04133360
    0.04483534
