   -0.92225597
    0.00600192
    0.00606937
    0.00523876
    0.00522261
    0.00602402
    0.00601590
    0.00516832
    0.00515488
   -0.08553815
   -0.08654144
   -0.08564245
   -0.08656765
    0.16622207
    0.16718416
    0.16623008
    0.16735680
    0.02105981
   -0.08732605
   -0.08733030
    0.02098743
    0.01885435
    0.02053549
   -0.08663491
   -0.08666610
    0.02058266
    0.01887368
    0.02099785
   -0.08731088
   -0.08729282
    0.02100797
    0.01886678
    0.02052086
   -0.08660538
   -0.08664860
    0.02051476
    0.01886730
   -0.09356112
    0.03343133
    0.02631486
    0.02637002
   -0.10666911
    0.04133806
    0.03742572
    0.03762526
   -0.09358696
    0.03348678
    0.02628147
    0.02633692
   -0.10662277
    0.04134934
    0.03751657
    0.03742829
   -0.10662622
    0.04132582
    0.03745665
    0.03748997
   -0.09365344
    0.03349093
    0.02637574
    0.02636842
   -0.10660879
    0.04137160
    0.03751134
    0.03736492
   -0.09353197
    0.03358419
    0.02627912
    0.02613988
