    1.09283390
   -0.51923310
   -0.51529736
   -0.51020745
   -0.45015552
   -0.03620329
    0.05051059
    0.08963567
   -0.04909558
    0.10690564
    0.10925373
   -0.05261667
    0.10980604
    0.10149072
    0.00472463
   -0.03963132
    0.06491810
   -0.04540673
    0.07436065
    0.00678178
   -0.04931642
    0.06551811
   -0.04440154
    0.05588329
   -0.05891807
    0.11122886
    0.12335915
   -0.05628135
    0.11457015
    0.10776286
   -0.04347893
    0.09587960
    0.05235060
   -0.03553727
    0.04962609
    0.08851197
   -0.04883899
    0.10739866
    0.10767829
   -0.05147222
    0.10483512
    0.10579013
    0.00403917
   -0.04164208
    0.05813964
   -0.04576529
    0.06797713
    0.00733739
   -0.04807638
    0.07028302
   -0.04481769
    0.06239147
   -0.05959718
    0.11405306
    0.11920537
   -0.05560547
    0.11520340
    0.11099573
   -0.04207605
    0.09725387
    0.05443322
   -0.03643173
    0.05018019
    0.09014883
   -0.04807684
    0.10658575
    0.10675274
   -0.05022053
    0.10504972
    0.10811214
   -0.01269853
    0.00847900
   -0.04776025
    0.06007894
   -0.03038344
    0.02829902
   -0.03046231
    0.03414844
   -0.05061895
    0.07355520
    0.00897667
   -0.01296448
    0.00775783
   -0.05561462
    0.08204495
   -0.03398343
    0.04560814
   -0.03196770
    0.03081980
   -0.04173685
    0.05636686
    0.00863287
   -0.06052274
    0.12162663
    0.11407885
   -0.05534685
    0.11289169
    0.11095891
   -0.04349900
    0.09640217
    0.05324663
   -0.16532985
   -0.03585945
    0.28047555
    0.29299219
   -0.02304829
    0.28618077
    0.29834558
   -0.03500028
    0.28541300
    0.28909461
   -0.01289917
    0.28083049
    0.29494456
   -0.03623121
    0.28282560
    0.29035062
   -0.01562681
    0.29571251
    0.28271211
   -0.15365110
