   -0.51320620
   -0.51123899
   -0.52178674
   -0.52198164
   -0.51243096
   -0.51447986
   -0.15604748
   -0.14428283
   -0.15237355
   -0.15133871
   -0.14854624
   -0.15149385
   -0.15014526
   -0.14444593
   -0.15530708
   -0.14586496
   -0.15365101
   -0.15063125
    0.33832734
    0.32947892
    0.12247069
    0.05872120
    0.12358650
    0.05083768
    0.32937965
    0.32775382
    0.10988860
    0.07298896
    0.11000237
    0.07684641
    0.34231325
    0.32869200
    0.12252146
    0.05645241
    0.12109821
    0.05727673
   -0.00213832
    0.08239091
    0.07744848
    0.00584310
   -0.03879798
    0.02279427
   -0.02839225
    0.02128977
   -0.02991679
    0.04033109
   -0.02939568
    0.04675564
   -0.03684855
    0.04623840
    0.00288794
    0.06466635
    0.07570214
    0.00569035
   -0.04012366
    0.04208819
   -0.03188209
    0.04234056
   -0.03422639
    0.04355719
   -0.03113497
    0.04146551
   -0.03400198
    0.03252506
    0.00456234
    0.06216454
    0.07446051
    0.00391359
   -0.03455967
    0.03773215
   -0.03119096
    0.04054988
   -0.03340623
    0.04256788
   -0.03177116
    0.04139937
   -0.04155644
    0.04508990
    0.00141136
    0.07974464
    0.07132175
    0.00475899
   -0.03320519
    0.02992585
   -0.03117919
    0.04026988
   -0.03434646
    0.04218179
   -0.03179227
    0.04221320
   -0.04056949
    0.04175364
   -0.00220008
    0.08428077
    0.07147072
    0.00760597
   -0.03581868
    0.04475707
   -0.03012324
    0.04620729
   -0.03220496
    0.04047217
   -0.02873416
    0.02618450
   -0.03550829
    0.01326646
    0.00159167
    0.06854931
    0.07784078
    0.00552974
   -0.03994243
    0.03912901
   -0.03213496
    0.04281849
   -0.03434571
    0.04292211
   -0.03082760
    0.04081231
   -0.03358122
    0.03221821
    0.07509283
    0.10057300
    0.09024771
    0.07134161
    0.09882764
    0.09302811
    0.07611104
    0.09991708
    0.08853240
   -0.52699873
   -0.51236806
   -0.51400008
   -0.51556705
   -0.52045897
   -0.51514648
   -0.14910427
   -0.14425191
   -0.15568929
   -0.15129301
   -0.14545854
   -0.14937853
   -0.15212583
   -0.14982647
   -0.15145719
   -0.15048129
   -0.15209969
   -0.14860909
    0.33037971
    0.32783999
    0.10955639
    0.08035267
    0.11235078
    0.06776972
    0.33990737
    0.32948978
    0.12095947
    0.05777640
    0.12199362
    0.04620712
    0.32825744
    0.32903178
    0.10805546
    0.08095207
    0.11144433
    0.07139847
    0.00029273
    0.07102036
    0.07698597
    0.00357365
   -0.03512136
    0.02947840
   -0.02870801
    0.02580883
   -0.03048065
    0.04038768
   -0.02945782
    0.04325032
   -0.03326588
    0.04848675
    0.00231995
    0.06308032
    0.07722709
    0.00544904
   -0.04071056
    0.04151889
   -0.03192451
    0.04119478
   -0.03365644
    0.04267725
   -0.03090815
    0.04119632
   -0.03433793
    0.03808468
    0.00437876
    0.06492220
    0.07141835
    0.00472109
   -0.03478728
    0.04117137
   -0.03101592
    0.04125629
   -0.03351717
    0.04262791
   -0.03218666
    0.04070749
   -0.04080031
    0.04134202
    0.00151932
    0.07638536
    0.06729804
    0.00605187
   -0.03345616
    0.03107272
   -0.03136593
    0.04077996
   -0.03476312
    0.04240122
   -0.03202133
    0.04220063
   -0.03999710
    0.04372444
   -0.00039827
    0.08036541
    0.08464547
    0.00607122
   -0.03928346
    0.04510613
   -0.03046144
    0.04479638
   -0.03613114
    0.03824299
   -0.03205937
    0.02998784
   -0.03465682
    0.01132838
    0.00305565
    0.06462284
    0.07840899
    0.00487277
   -0.04068542
    0.04178024
   -0.03201652
    0.04281242
   -0.03396487
    0.04262105
   -0.03081088
    0.04048506
   -0.03372289
    0.03316075
    0.07786760
    0.09373522
    0.09125192
    0.07283681
    0.09309234
    0.09701481
    0.07594634
    0.09704889
    0.09155564
   -0.51142429
   -0.51112041
    0.96195727
   -0.51448065
   -0.49928262
