    1.11522758
   -0.54764978
   -0.54778853
   -0.10772026
   -0.10933561
   -0.10770242
   -0.10929113
    0.20301506
    0.04471084
    0.04727049
    0.04650447
    0.04028057
   -0.06460772
    0.05763123
    0.05066739
   -0.06292384
    0.05326676
    0.03917366
   -0.06353623
    0.04751832
    0.05099765
   -0.05702265
    0.03520709
    0.05163237
    0.08408532
    0.07614430
    0.07612500
    0.20301141
    0.04467762
    0.04731572
    0.04657799
    0.04014145
   -0.06467101
    0.05770553
    0.05062683
   -0.06293405
    0.03918790
    0.05325141
   -0.06356649
    0.04751842
    0.05106975
   -0.05699409
    0.05165487
    0.03515580
    0.07626434
    0.08911088
    0.08917062
   -0.54766410
   -0.54775955
   -0.10774111
   -0.10928273
   -0.10774127
   -0.10926422
    0.20301183
    0.04470018
    0.04728521
    0.04651242
    0.04026089
   -0.06460799
    0.05763088
    0.05067684
   -0.06294628
    0.05327137
    0.03921141
   -0.06353154
    0.04752434
    0.05098374
   -0.05701744
    0.03521816
    0.05160584
    0.08409416
    0.07612959
    0.07614287
    0.20301583
    0.04467621
    0.04732995
    0.04661138
    0.04006724
   -0.06467518
    0.05771518
    0.05063423
   -0.06295401
    0.03922547
    0.05325989
   -0.06356000
    0.04751960
    0.05105263
   -0.05698226
    0.05160739
    0.03515488
    0.07625886
    0.08911423
    0.08916725
   -0.54766736
   -0.54779950
   -0.10772496
   -0.10932692
   -0.10768444
   -0.10928182
    0.20301808
    0.04471463
    0.04727622
    0.04653223
    0.04020775
   -0.06460007
    0.05761011
    0.05068057
   -0.06291419
    0.05326074
    0.03915937
   -0.06354546
    0.04751857
    0.05103387
   -0.05700532
    0.03515732
    0.05165215
    0.08407630
    0.07618369
    0.07611069
    0.20300634
    0.04466980
    0.04731545
    0.04653745
    0.04023230
   -0.06466818
    0.05770495
    0.05062027
   -0.06294094
    0.03919518
    0.05325632
   -0.06356180
    0.04751915
    0.05104602
   -0.05701309
    0.05165665
    0.03519627
    0.07627014
    0.08910773
    0.08916442
   -0.54767789
   -0.54777722
   -0.10774492
   -0.10928032
   -0.10772485
   -0.10924678
    0.20301540
    0.04470464
    0.04729075
    0.04654266
    0.04018301
   -0.06460225
    0.05761315
    0.05068848
   -0.06293680
    0.05326561
    0.03919769
   -0.06354167
    0.04752354
    0.05102160
   -0.05699978
    0.03516618
    0.05162520
    0.08408492
    0.07617158
    0.07612740
    0.20300962
    0.04466694
    0.04733175
    0.04656982
    0.04015987
   -0.06467130
    0.05771148
    0.05062815
   -0.06296107
    0.03923199
    0.05326461
   -0.06355505
    0.04752078
    0.05102818
   -0.05700198
    0.05161366
    0.03519442
    0.07626412
    0.08911285
    0.08916163
   -0.35629755
   -0.35629364
   -0.35629649
   -0.35629723
   -0.34677240
   -0.34706631
