   -0.69906866
   -0.02443005
    0.07667063
    0.04161489
   -0.04731507
    0.11640189
    0.11309115
   -0.05137327
    0.10231324
    0.11586477
    0.00457341
   -0.04104021
    0.06956309
   -0.05132284
    0.09438678
    0.01499819
   -0.03999584
    0.04960998
   -0.04173351
    0.03908472
   -0.05967693
    0.11737947
    0.13904022
   -0.05897212
    0.13281978
    0.10609146
   -0.04197522
    0.09040462
    0.05085184
   -0.02724156
    0.08389837
    0.05139558
   -0.04050072
    0.10411368
    0.10204444
   -0.04363427
    0.09362141
    0.10422790
   -0.00043522
   -0.04166155
    0.04445832
   -0.04217217
    0.05704884
    0.01696536
   -0.05391238
    0.09221794
   -0.03623348
    0.06198808
   -0.05958138
    0.11472622
    0.13841810
   -0.05767649
    0.13016901
    0.10378454
   -0.04103308
    0.08537494
    0.05059985
   -0.01912743
    0.06943751
    0.04580574
   -0.03453704
    0.10842976
    0.08819004
   -0.03557630
    0.07887132
    0.09893497
    0.00041927
   -0.03904847
    0.03443087
   -0.03942287
    0.05538350
    0.01606888
   -0.05269298
    0.08777334
   -0.03657552
    0.06005457
   -0.05791988
    0.11459077
    0.13655710
   -0.05814818
    0.13355426
    0.10427824
   -0.04241075
    0.08737868
    0.05332040
   -0.16897566
   -0.03268916
    0.27415818
    0.27857079
   -0.02081550
    0.29869666
    0.28387880
   -0.04474277
    0.23048073
    0.26544317
   -0.02055389
    0.30251635
    0.28218649
   -0.05961931
    0.21020412
    0.23856764
   -0.01789324
    0.30086429
    0.27953258
   -0.14665669
