   -0.49903941
   -0.49809144
   -0.49515515
   -0.49883347
   -0.50876683
   -0.50551236
   -0.16355689
   -0.15157781
   -0.16279077
   -0.14305361
   -0.15291664
   -0.14922192
   -0.14912341
   -0.14259097
   -0.14534201
   -0.15667989
   -0.13706504
   -0.14707850
    0.32735652
    0.32942742
    0.12460184
    0.03571172
    0.12201421
    0.03543330
    0.32618600
    0.32352544
    0.11878606
    0.03922187
    0.11838148
    0.03949602
    0.32726635
    0.32413612
    0.11981189
    0.03720141
    0.12040701
    0.03955954
    0.00310061
    0.05057924
    0.07412827
    0.06074085
    0.06196619
    0.12476918
    0.10605807
    0.06435532
    0.10874573
    0.11603031
    0.08088931
    0.09552820
    0.09966049
   -0.01976636
    0.08765482
    0.05831808
    0.10075695
   -0.00410457
    0.07260027
    0.06041597
    0.06576487
   -0.00626054
    0.07674809
    0.08385675
    0.09034957
   -0.00862335
    0.06985478
    0.08824956
    0.08209427
   -0.00546601
    0.08883964
    0.08428687
    0.07986113
   -0.50770499
   -0.49410371
   -0.49998006
   -0.50076301
   -0.51261691
   -0.50282939
   -0.15430077
   -0.14941536
   -0.15299238
   -0.13921351
   -0.15222348
   -0.15001162
   -0.14802261
   -0.14652494
   -0.14500641
   -0.15873252
   -0.13846216
   -0.15285104
    0.32829004
    0.32603030
    0.12248690
    0.03594861
    0.11750676
    0.04203250
    0.32646766
    0.32242786
    0.11921077
    0.04116616
    0.12052064
    0.03489936
    0.32971328
    0.32962326
    0.11930070
    0.03968094
    0.12325453
    0.03300837
   -0.00857072
    0.07138741
    0.06971878
    0.07171226
    0.06513809
    0.12453650
    0.09757057
    0.06659314
    0.10592459
    0.11038526
    0.07142991
    0.10328351
    0.10843215
   -0.01336890
    0.08643545
    0.07308792
    0.10075420
   -0.01072065
    0.07472470
    0.07428408
    0.06713404
   -0.00879127
    0.06805824
    0.07309156
    0.07917199
   -0.00552032
    0.07010613
    0.08179167
    0.07505243
   -0.00584346
    0.09447783
    0.05108454
    0.06308245
    0.06278113
    0.05510346
   -0.34596205
    0.07215856
    0.05624400
    0.04905784
    0.08016505
    0.03936524
   -0.34063558
    0.03766044
    0.07807245
    0.04733523
    0.07648883
    0.03563852
    0.04701170
    0.04775787
   -0.34828739
    0.02290057
    0.05031091
    0.05168303
    0.07865524
    0.04672892
   -0.33771198
    0.03044840
    0.07431870
    0.04869281
    0.07977709
    0.04707327
    0.04431163
    0.04353878
   -0.34555876
    0.06965359
    0.04212426
    0.05871279
    0.07749752
    0.04205132
   -0.34704254
    0.04220224
    0.02079817
    0.04708679
    0.08263146
    0.04655988
   -0.33164046
    0.08560021
    0.03970998
    0.06878717
    0.04641890
    0.05040589
    0.07462991
    0.05378427
   -0.34686556
    0.04576562
    0.07556442
    0.05013445
    0.07899869
    0.04223621
    0.04525996
    0.03622965
   -0.34746528
    0.02576039
    0.04949416
    0.04195101
    0.08446442
    0.08316608
   -0.32729747
    0.03672370
    0.07880239
    0.03860640
    0.07079342
    0.03506775
    0.05247462
    0.06319458
   -0.35057746
    0.07597307
    0.04856481
    0.04784064
    0.07832391
    0.03772756
   -0.34850206
    0.04618738
    0.02195185
    0.04560108
    0.08388222
    0.04632910
    0.08196917
    0.04321866
   -0.33655517
    0.07218381
    0.03179443
    0.03721872
    0.06590104
    0.05491388
   -0.33442961
    0.08039478
    0.06496854
    0.05539576
    0.07726757
    0.07883315
    0.01430130
    0.03812005
   -0.34408719
    0.02831925
    0.03419473
    0.04171792
    0.08620946
    0.09819975
    0.04683912
   -0.33630885
    0.08190843
    0.04809384
    0.01791643
    0.07489904
    0.05723287
   -0.35465089
    0.04363992
    0.07568303
    0.05386926
    0.08367616
    0.04145960
    0.04796869
    0.02292534
   -0.34921040
    0.01795781
    0.05085630
    0.05203915
    0.08388590
   -0.33838739
    0.04987614
    0.03504073
    0.07619668
    0.05088307
    0.03943159
    0.07900308
    0.04662909
   -0.34723710
    0.04408483
    0.07239361
    0.04299335
    0.07402450
    0.05255712
    0.03985435
    0.05115925
   -0.34777910
    0.02172476
    0.04518787
    0.04725681
    0.08197317
    0.08719202
   -0.33150623
    0.04432871
    0.06564632
    0.05354341
    0.07133771
    0.04940545
    0.05502678
    0.04977479
   -0.34590252
    0.07199200
    0.05157873
    0.04558735
    0.07085355
    0.04313069
   -0.34807410
    0.05030469
    0.02084855
    0.04668302
    0.08353452
    0.04479751
    0.04266799
    0.09727224
   -0.32864582
    0.06948761
    0.04180934
    0.06245545
    0.07108403
    0.04151019
   -0.35708425
    0.04985844
    0.08156424
    0.03170942
    0.07942443
    0.05228596
    0.03272197
    0.04254094
   -0.34607981
    0.02725556
    0.03804137
    0.05400946
    0.07926729
   -0.34149692
    0.05456863
    0.06629411
    0.06920363
    0.05310570
    0.07208934
    0.06826316
    0.03341406
   -0.34517209
    0.05107445
    0.07492665
    0.04384972
    0.07646976
    0.04650567
    0.04385198
    0.04304696
   -0.34928748
    0.02107593
    0.04682847
    0.04709054
    0.08312387
   -0.33244285
    0.03761917
    0.08187246
    0.06938818
    0.05025160
    0.04641176
    0.07470813
    0.04506600
   -0.34715274
    0.05454193
    0.07529222
    0.04228658
    0.08179993
    0.04998659
    0.03110640
    0.04389569
   -0.34961237
    0.02150495
    0.05460468
    0.04750636
    0.08072914
   -0.33972953
    0.03745381
    0.05747349
    0.07416126
    0.04254443
    0.05104023
    0.07687511
    0.04215111
   -0.34323100
    0.04846020
    0.07429556
    0.04435454
    0.07622544
    0.04651937
    0.04367827
    0.04521148
   -0.34949234
    0.02100653
    0.04705500
    0.04766265
    0.08333099
   -0.98308813
