   -0.97243923
   -0.05222421
   -0.05508893
   -0.05223849
    0.00643706
   -0.05753584
    0.14323409
   -0.07020050
    0.00480115
    0.05306675
   -0.04588129
    0.02397254
   -0.05006386
    0.05305859
    0.00483679
   -0.07020279
    0.14323981
   -0.05754850
    0.00639014
   -0.13887456
   -0.19277650
    0.05349719
   -0.01562513
    0.08985578
   -0.19297650
   -0.14002189
    0.09016445
   -0.01545693
    0.05362569
    0.03282209
    0.05354506
    0.03281817
    0.06308795
    0.05417299
    0.07526038
    0.08187936
    0.05429572
    0.06298586
    0.04757659
    0.04767201
    0.05387421
    0.05397771
   -0.01524703
    0.04757445
   -0.01541265
    0.04742988
    0.08984455
    0.08959205
   -0.13776153
   -0.19037796
   -0.13887714
   -0.19053275
    0.05316946
   -0.05017055
   -0.04601252
   -0.05529351
    0.05314587
    0.02401775
    0.07538521
    0.05289820
    0.08195953
    0.02731083
    0.02733210
   -0.11516021
    0.04185341
    0.04215773
    0.04890949
   -0.11142816
    0.04290562
    0.05054655
    0.03671953
   -0.11149628
    0.04295872
    0.03669946
    0.05043663
   -0.11133620
    0.05061481
    0.04268786
    0.03664048
   -0.11513617
    0.04899188
    0.04191657
    0.04202236
   -0.11153337
    0.05055533
    0.03672207
    0.04305481
   -0.28279897
   -0.28283052
    0.07804350
    0.04917581
    0.08097390
    0.04935728
    0.07806113
    0.08095526
    0.04928892
    0.04917910
    0.04250620
   -0.32674263
    0.04231967
    0.07984250
    0.04209691
    0.08004145
    0.04210065
    0.04141554
    0.04146754
   -0.32869472
    0.07961404
    0.03976650
    0.03964711
    0.08055029
    0.03843860
   -0.32926032
    0.03833757
    0.03592319
    0.03870917
    0.06787228
    0.03870408
    0.04247443
   -0.32679630
    0.04239789
    0.07984199
    0.04208191
    0.08005759
    0.04213484
    0.04136043
    0.04149957
   -0.32869877
    0.07961266
    0.03973359
    0.03969111
    0.08053979
    0.03837361
   -0.32927845
    0.03843440
    0.03592233
    0.03872681
    0.06786138
    0.03869797
