    1.02233604
    1.02635761
    1.02591081
   -0.54420328
   -0.55959196
   -0.33183311
   -0.36711986
   -0.54727398
   -0.56445692
   -0.34591897
   -0.34707723
   -0.34107419
   -0.55949637
   -0.55047608
   -0.35424680
   -0.10122861
   -0.10018708
   -0.10213435
   -0.07163467
   -0.00667345
    0.28299608
    0.28147478
   -0.00746377
   -0.07599885
   -0.14189216
    0.10228828
    0.12248293
   -0.13795246
    0.03492057
    0.08490559
    0.09826645
   -0.00679269
    0.28057139
    0.28158906
   -0.00875646
    0.03214601
    0.10275481
   -0.07318697
    0.06136747
    0.05880703
   -0.07350093
    0.05863065
    0.07169437
    0.03320483
    0.09958293
    0.03278226
    0.09948613
    0.28274520
   -0.00514510
   -0.01156103
   -0.07489118
   -0.14119716
    0.12092126
    0.10579506
   -0.14321892
    0.08754708
    0.04555895
    0.09716409
    0.28009299
   -0.07274721
    0.06329892
    0.05693974
   -0.07322551
    0.05898261
    0.07140860
   -0.07314963
    0.05823701
    0.07161903
   -0.07398077
    0.05783550
    0.06561323
   -0.14319709
    0.10767981
    0.12286126
   -0.13520501
    0.09744297
    0.02984521
    0.08875590
    1.02606127
    1.02824629
    1.02561390
   -0.54555403
   -0.56296029
   -0.33166217
   -0.35948191
   -0.54711934
   -0.56309509
   -0.34252000
   -0.34902486
   -0.33601720
   -0.55774070
   -0.55339774
   -0.35215292
   -0.10647944
   -0.10155963
   -0.10641420
   -0.07339517
   -0.01252397
    0.28063785
    0.28087392
   -0.00923620
   -0.07249880
   -0.14339348
    0.10351722
    0.12277333
   -0.13453233
    0.02920031
    0.08802393
    0.09490006
   -0.00572569
    0.28187183
    0.28014544
   -0.01294279
    0.03227575
    0.10306693
   -0.07308272
    0.06089342
    0.05794950
   -0.07337225
    0.05866821
    0.07144527
    0.03360146
    0.09876754
    0.03292019
    0.10024613
    0.27922360
   -0.01110124
   -0.01120336
   -0.06990988
   -0.14230365
    0.12138847
    0.11136113
   -0.14037707
    0.08223060
    0.04078615
    0.09663831
    0.27999175
   -0.07310434
    0.06413205
    0.05809020
   -0.07337075
    0.05878302
    0.07135589
   -0.07311733
    0.05812610
    0.07122803
   -0.07352837
    0.05723241
    0.06501637
   -0.14218188
    0.10763760
    0.12246650
   -0.14436997
    0.09900519
    0.04609861
    0.08715905
    1.10932752
   -0.53033333
   -0.51184956
   -0.53115998
   -0.52239541
