   -0.50124036
   -0.47205343
    0.12706721
   -0.11854626
   -0.11740775
   -0.04486155
    0.09385714
    0.11161350
    0.00189651
    0.07417276
    0.07811245
   -0.19973875
    0.24475661
    0.26465495
   -0.01679669
   -0.03289988
   -0.02099505
    0.05835221
   -0.03117860
    0.05117275
   -0.02131276
    0.06158452
   -0.02204568
    0.26754405
   -0.18511033
    0.19849934
   -0.01334291
    0.11045892
    0.08285024
   -0.05242843
    0.10529635
    0.11356738
   -0.50287952
   -0.47421881
    0.12703678
   -0.11885511
   -0.11670853
   -0.04548231
    0.09426030
    0.11336263
    0.00197848
    0.07267332
    0.07776888
   -0.19891702
    0.24389457
    0.26368817
   -0.01786346
   -0.03435375
   -0.02116925
    0.06031053
   -0.03163020
    0.05066041
   -0.02119229
    0.06053850
   -0.02222160
    0.26739511
   -0.18469387
    0.20138151
   -0.01245423
    0.10928282
    0.08073028
   -0.05257649
    0.10540253
    0.11318218
   -0.87252376
    0.11712007
    0.11743765
    0.10564218
    0.11743459
    0.10754196
    0.11684115
    0.11711248
    0.11735009
    0.10677959
    0.11654968
    0.10696044
    0.11748977
    0.05871146
    0.06572366
