   -0.90588783
   -0.10892777
    0.22141538
   -0.09274964
    0.21404676
   -0.11103048
    0.22291092
   -0.09341505
    0.21559256
   -0.11039316
    0.22265080
   -0.09286493
    0.21407997
    0.00617413
    0.10725076
   -0.24474329
    0.10844796
   -0.24367587
    0.01537895
    0.03288161
   -0.12795496
    0.05770426
    0.05523165
    0.06414507
   -0.11578444
    0.06230229
    0.04760748
    0.05093722
    0.01171450
    0.10839753
   -0.25135764
    0.11084478
   -0.25065700
    0.01418156
    0.03602547
   -0.10720771
    0.05299120
    0.04743806
    0.04386754
   -0.11369154
    0.05219152
    0.05444292
    0.05040223
    0.00601895
    0.10719162
   -0.24478953
    0.10907359
   -0.24336423
    0.01462627
    0.03300180
   -0.12911093
    0.05794087
    0.05588122
    0.06440020
   -0.11562056
    0.06130741
    0.04899492
    0.05101491
    0.01033794
    0.10794329
   -0.25088960
    0.10991786
   -0.24990491
    0.01282674
    0.03605272
   -0.10724730
    0.05168572
    0.04769514
    0.04468898
   -0.11372758
    0.05345047
    0.05344164
    0.05045199
    0.00651661
    0.10741244
   -0.24497308
    0.10846218
   -0.24376979
    0.01523209
    0.03283910
   -0.12808484
    0.05555909
    0.06421718
    0.05721125
   -0.11585655
    0.05094425
    0.06228453
    0.04772050
    0.01203156
    0.10862750
   -0.25140241
    0.11091299
   -0.25057164
    0.01381495
    0.03594660
   -0.10660697
    0.04464875
    0.05394651
    0.04490104
   -0.11388221
    0.05542728
    0.05046549
    0.05182219
