   -0.89234467
    0.02949811
    0.02948098
    0.19130399
    0.19131958
    0.09043942
   -0.04084423
    0.07244427
   -0.01864186
    0.07964731
   -0.00003047
   -0.01887220
    0.08444955
   -0.04707113
    0.09401876
    0.09042868
   -0.04085744
    0.07241893
   -0.01862324
    0.07965859
   -0.00003928
   -0.01886829
    0.08445513
   -0.04709748
    0.09409031
   -0.08293340
    0.25187204
   -0.08288773
    0.25179063
    0.52850384
    0.52847397
   -0.38888160
   -0.38883158
   -0.44094269
   -0.43776785
   -0.44105772
   -0.43770122
