    0.05396216
   -0.21707102
   -0.15819971
    0.08167697
   -0.01713202
    0.03668275
   -0.09086131
    0.15742991
   -0.10545560
    0.18531657
   -0.10235595
    0.18453298
   -0.09805347
    0.15991660
    0.02333523
   -0.08414029
    0.00924892
   -0.08472026
    0.00469336
    0.02611499
    0.01515021
   -0.10536313
    0.03721337
    0.03715189
    0.04082425
    0.02270104
   -0.08811820
    0.00660150
   -0.08820689
    0.00585987
    0.02101677
    0.01829103
   -0.09243105
    0.03907331
    0.02444566
    0.02512153
   -0.10299879
    0.03616594
    0.03542217
    0.03999296
    0.02220623
   -0.08946907
    0.00565441
   -0.09070067
    0.00538574
    0.02215329
    0.01524762
   -0.10352494
    0.04072063
    0.03388218
    0.03491459
    0.02850395
   -0.07693940
   -0.00491785
   -0.07853119
    0.00024462
    0.02390883
    0.01710842
   -0.10482861
    0.04144886
    0.03836979
    0.03920582
   -0.10286802
    0.02786481
    0.03774954
    0.04027270
   -0.05697530
    0.04289919
    0.02097191
   -0.05634100
    0.03410398
    0.03591922
   -0.05484127
    0.03001075
    0.03287305
   -0.05884944
    0.03770979
    0.05834485
   -0.00754299
    0.05072721
    0.06913078
   -0.05830412
    0.04310346
    0.02915411
   -0.05008610
    0.02590350
    0.03898416
   -0.05353706
    0.02804242
    0.02494665
   -0.05566116
    0.03406031
    0.02827561
   -0.05352831
    0.02134487
    0.03882914
   -0.93556474
