   -0.04857134
    0.10738009
    0.10494318
   -0.02863278
   -0.03531237
    0.04625612
   -0.03257260
    0.02645767
   -0.01934871
    0.02689879
   -0.04441148
    0.04605551
    0.05936773
   -0.01719771
    0.06848616
    0.10426276
    0.08522204
   -0.02816594
    0.07832771
   -0.00072249
    0.07068779
   -0.01376426
    0.07748744
    0.10564800
   -0.01291169
    0.06838912
    0.10917403
    0.05505700
   -0.05778270
    0.04161537
   -0.02694089
    0.03603385
   -0.03858111
    0.03742742
   -0.03827196
    0.05392455
   -0.03378660
   -0.04934421
    0.11198137
    0.10703594
   -0.04349992
    0.12305237
    0.10976674
    0.05729468
    0.06911337
    0.05864061
   -0.31316504
    0.06826253
    0.03803634
    0.05549925
    0.07027054
    0.03691068
    0.05095692
   -0.30772257
    0.06385689
    0.07206924
    0.06071592
   -0.04071129
    0.11212548
    0.11319188
   -0.05823593
    0.10872364
    0.15918637
    0.05788348
    0.07282264
    0.05958029
    0.05361038
    0.07702745
    0.06437507
   -0.04622244
    0.11408714
    0.11766308
   -0.22880146
   -0.03099223
   -0.21663558
    0.01274893
    0.01474956
   -0.31754534
    0.26367840
    0.29204437
    0.20247440
    0.26940351
    0.20058302
   -0.79867418
