   -0.34598701
   -0.34824821
   -0.34862540
   -0.34850214
   -0.34889953
   -0.34676158
   -0.34286101
   -0.34240432
   -0.13584196
    0.24837576
   -0.26094151
    0.25211616
    0.23269354
   -0.26231851
    0.26050961
    0.26226719
   -0.14403120
    0.23906810
   -0.26704025
    0.23131010
    0.26052365
   -0.25990484
    0.26136842
    0.26647050
   -0.14109689
    0.22317453
   -0.24742044
    0.26855117
    0.27198740
   -0.27930099
    0.25910208
    0.24158262
   -0.13146185
    0.23137641
   -0.25654285
    0.24991082
    0.24959652
   -0.26425357
    0.25093468
    0.25227606
    0.12178907
   -0.07755569
    0.04534847
    0.12197360
    0.23622438
    0.00468932
    0.06097795
    0.12139845
   -0.07685139
    0.04415646
    0.12150850
    0.23588450
    0.06165781
    0.00567309
    0.12240182
   -0.07752811
    0.04650197
    0.12213485
    0.23394003
    0.06340722
    0.00430551
    0.12215959
   -0.07613431
    0.04683110
    0.12253287
    0.23411430
    0.00317696
    0.06331593
   -0.00519741
   -0.05369999
    0.11401471
   -0.00602889
   -0.01293414
    0.05170515
   -0.00167033
   -0.05115636
    0.12003380
   -0.00295116
   -0.01235566
    0.05118185
   -0.00569778
   -0.05275770
    0.11050117
   -0.00574021
   -0.01396584
    0.05734282
   -0.00254067
   -0.04998691
    0.11638922
   -0.00136691
   -0.01422378
    0.05805954
   -0.08337616
    0.09504767
    0.06011495
   -0.07517780
    0.03663448
    0.04786636
   -0.02842698
    0.07466749
    0.08976713
    0.23965006
   -0.07775737
    0.05694543
   -0.07306341
    0.05955146
    0.03976821
   -0.01792804
    0.07458839
    0.06518380
    0.23686869
   -0.07388937
    0.08027230
    0.05531243
   -0.07574053
    0.06462531
    0.04239546
   -0.02712403
    0.10692535
    0.07942188
    0.23830256
   -0.07725383
    0.05854203
    0.08074996
   -0.07821272
    0.05154563
    0.04504018
   -0.03056838
    0.09460393
    0.10314388
    0.24022595
    0.08735813
   -0.92234048
