   -0.17569187
   -0.03899528
    0.04538127
    0.01436776
    0.04659607
    0.00878557
    0.00663572
    0.05033554
    0.00641469
    0.06307814
    0.05712833
   -0.17479678
    0.20138803
    0.26750439
   -0.49847640
   -0.01678875
   -0.02730936
    0.05063570
   -0.02117261
    0.05199786
   -0.03262361
    0.05054349
   -0.02098247
    0.05442277
   -0.01569822
    0.26884547
   -0.49461147
   -0.15941302
    0.19896665
    0.00708364
    0.06256784
    0.04961784
    0.00560907
    0.01284338
    0.05309599
   -0.17572162
   -0.03881407
    0.04523946
    0.01440928
    0.04645173
    0.00893637
    0.00698802
    0.04961303
    0.00661660
    0.06267695
    0.05721407
   -0.17518013
    0.20166772
    0.26746477
   -0.49865852
   -0.01681558
   -0.02731531
    0.05080965
   -0.02113961
    0.05201622
   -0.03264444
    0.05047810
   -0.02095662
    0.05448702
   -0.01577007
    0.26873317
   -0.49462165
   -0.15952393
    0.19886201
    0.00700698
    0.04959408
    0.06283548
    0.00557922
    0.05275985
    0.01307240
   -0.91363599
