   -0.25493385
   -0.25172866
   -0.25220914
   -0.25155745
   -0.24999093
   -0.25214541
   -0.25374879
   -0.25263919
   -0.33335135
   -0.33383754
   -0.32968007
   -0.33129416
   -0.33299340
   -0.33487122
   -0.33295540
   -0.33151668
    0.13532337
   -0.00711253
   -0.10906379
    0.13466908
   -0.06021467
   -0.02902463
    0.37011401
   -0.04731487
    0.14990190
   -0.08947447
    0.15074052
   -0.07274218
    0.03779388
   -0.01035855
   -0.07249635
    0.04829954
    0.13367791
   -0.00305244
   -0.11403056
    0.13419693
   -0.05912133
   -0.03027457
    0.37003804
   -0.04588512
    0.15070386
   -0.08824474
    0.15118324
   -0.07214496
    0.04274521
   -0.00981296
   -0.07212421
    0.13371732
   -0.00328812
   -0.11247402
    0.13410956
   -0.04558297
   -0.02956022
    0.37014656
   -0.05829967
    0.15179474
   -0.08823445
    0.15028015
   -0.07308890
    0.04537870
   -0.00962732
   -0.07254030
    0.04060987
    0.13471190
   -0.00309642
   -0.11450708
    0.13372244
   -0.04589745
   -0.03046027
    0.36993166
   -0.05902787
    0.15042067
   -0.08981683
    0.15068545
   -0.07256749
    0.04671943
   -0.01080987
   -0.07358072
    0.03857972
    0.27158830
   -0.01632164
    0.12382433
   -0.07094132
    0.04932510
    0.12273538
   -0.00818568
   -0.05258304
    0.09134509
   -0.00996748
    0.26929895
   -0.01610678
    0.12290954
   -0.07185206
    0.04942162
    0.12337829
   -0.00848529
   -0.05301512
    0.09083176
   -0.00907374
    0.27092283
    0.12213828
   -0.07091382
    0.04792567
    0.12326793
   -0.00864741
   -0.05308714
    0.09536426
   -0.00806046
    0.27084548
   -0.01680208
    0.12245947
   -0.07345071
    0.05079446
    0.12227594
   -0.00964895
   -0.05095762
    0.09413563
   -0.00847725
   -0.01460833
    0.07128578
   -0.01614510
    0.07434905
   -0.01326958
    0.06699788
   -0.01549686
    0.07110178
   -0.06506168
    0.06486193
    0.06928402
   -0.09880764
    0.08746110
    0.08045004
    0.37173804
   -0.47849180
   -0.40292982
   -0.06943931
    0.07133289
    0.07808932
   -0.09333027
    0.06717000
    0.09138302
    0.37455826
   -0.49652059
   -0.39512496
   -0.06955518
    0.07159795
    0.06792043
   -0.10117755
    0.09091550
    0.08801384
    0.37171167
   -0.47940629
   -0.41648146
   -0.07058841
    0.07096591
    0.07264941
   -0.10583642
    0.08723214
    0.11647641
    0.37076748
   -0.48594184
   -0.42012649
    0.41763465
    0.42272103
    0.42043690
    0.41335997
    0.10304453
    0.10077398
    0.10237399
   -0.45938567
    0.08248207
    0.09767835
    0.08757135
    0.09639504
    0.09750283
    0.08357258
    0.09718845
    0.08811397
   -0.45743082
   -0.45830445
   -0.45747325
   -0.40090393
    0.41234513
   -0.40145278
    0.41215999
   -0.40108029
    0.41278896
   -0.40133476
    0.41198366
   -0.01759729
    0.10530929
    0.04233170
    0.07925554
    0.08060956
    0.04551839
    0.07919443
    0.04489893
    0.07971502
    0.07762256
    0.07806237
    0.04375569
    0.07202484
    0.03997722
    0.07402381
   -0.33787528
    1.11410516
   -0.35711349
   -0.35423189
   -0.35613941
   -0.35475450
   -0.35542871
