   -0.51960837
   -0.49579064
   -0.50023998
   -0.50429482
   -0.52073991
   -0.50397898
   -0.15362096
   -0.14678542
   -0.15240332
   -0.13297791
   -0.15079461
   -0.14827295
   -0.14695513
   -0.14170176
   -0.14525399
   -0.15116926
   -0.13939461
   -0.13929180
    0.32329477
    0.32459168
    0.10968539
    0.05299598
    0.10257423
    0.06346837
    0.32492376
    0.32142209
    0.11072796
    0.04850507
    0.11104672
    0.04637057
    0.32330666
    0.32050356
    0.10556158
    0.05730219
    0.10541326
    0.05974847
   -0.01462255
    0.07370194
    0.06894241
    0.07956742
    0.05562826
    0.12996990
    0.10090637
    0.06280402
    0.10357974
    0.11099932
    0.06905942
    0.10049803
    0.10511005
   -0.01715308
    0.08879727
    0.06912817
    0.10713977
   -0.01404498
    0.07609164
    0.07731848
    0.06556780
   -0.00776353
    0.08087027
    0.08415291
    0.09126301
   -0.01402007
    0.06910140
    0.09529990
    0.09012214
   -0.01044548
    0.09016274
    0.08833110
    0.07689527
   -0.51026128
   -0.49762194
   -0.51697732
   -0.50284628
   -0.51373350
   -0.50568329
   -0.15038096
   -0.14469318
   -0.15016491
   -0.13601377
   -0.15223041
   -0.14625102
   -0.14614281
   -0.13845241
   -0.14946010
   -0.15025216
   -0.14755685
   -0.14290530
    0.32853599
    0.32499605
    0.11404324
    0.04452303
    0.10659288
    0.05570673
    0.32245070
    0.32072243
    0.10703187
    0.05806094
    0.10444749
    0.06319793
    0.32816687
    0.32482891
    0.11428352
    0.04701627
    0.10795130
    0.05555329
   -0.01299240
    0.07324134
    0.06889597
    0.07673957
    0.06146153
    0.11816454
    0.10443163
    0.06411314
    0.10458731
    0.10543175
    0.06929312
    0.10022347
    0.10802044
   -0.01274812
    0.07999800
    0.06980193
    0.10863740
   -0.01696995
    0.07944711
    0.08142728
    0.06468805
   -0.00973617
    0.07491528
    0.08518377
    0.09452713
   -0.01595817
    0.06570938
    0.08752497
    0.07936017
   -0.01749005
    0.10220504
    0.07557500
    0.05889511
    0.06480512
    0.05038607
   -0.34194797
    0.06997348
    0.05847829
    0.04850946
    0.07787623
    0.05113232
   -0.34205280
    0.03223391
    0.07381595
    0.04833365
    0.06956515
    0.03949498
    0.04637074
    0.05451346
   -0.35186543
    0.02128393
    0.04653964
    0.04722642
    0.08082731
    0.05186266
   -0.33961668
    0.03192885
    0.07445407
    0.05079788
    0.07911637
    0.04411527
    0.04638384
    0.04113940
   -0.34432689
    0.07154906
    0.04236702
    0.05491319
    0.07696908
    0.04274468
   -0.34840184
    0.04354527
    0.02074472
    0.04700824
    0.08350192
    0.04624966
   -0.32997101
    0.08945760
    0.04015204
    0.07144982
    0.03802001
    0.04851539
    0.07314620
    0.05470519
   -0.35239151
    0.05228437
    0.07705971
    0.04902189
    0.07894742
    0.04360021
    0.04670863
    0.03255157
   -0.34624776
    0.03397275
    0.04611411
    0.04086817
    0.07786337
    0.05247925
   -0.33949171
    0.03371490
    0.07393185
    0.05228818
    0.07966405
    0.04457331
    0.04836141
    0.03945546
   -0.34689177
    0.06985505
    0.04520699
    0.05691563
    0.07859398
    0.04273223
   -0.34764935
    0.04216036
    0.02017451
    0.04830612
    0.08217523
    0.04686700
    0.08439448
    0.03817668
   -0.33192677
    0.07224920
    0.04156592
    0.04490966
    0.07382646
    0.05616567
   -0.35030400
    0.04790024
    0.07690220
    0.05165355
    0.07881275
    0.03933679
    0.04185721
    0.03996759
   -0.34737791
    0.02884691
    0.04786442
    0.03638155
    0.08697862
    0.06156768
    0.03750841
   -0.33873387
    0.07574343
    0.04987398
    0.03774062
    0.07667114
    0.04960154
   -0.34429766
    0.04301206
    0.07343105
    0.04896878
    0.07849342
    0.04456410
    0.04225745
    0.04008432
   -0.34803456
    0.01962979
    0.04834390
    0.04643372
    0.08545851
   -0.33915959
    0.04674426
    0.02958964
    0.07737257
    0.04741127
    0.04836287
    0.08022897
    0.04517825
   -0.34539280
    0.04243313
    0.06853835
    0.04354951
    0.07811203
    0.06102313
    0.04100321
    0.04277642
   -0.34729513
    0.01954450
    0.04834786
    0.04742391
    0.08242833
    0.08655770
   -0.33126440
    0.04136761
    0.06992911
    0.04350451
    0.07294825
    0.04717578
    0.05409323
    0.04944011
   -0.34837318
    0.07266060
    0.05061120
    0.04844645
    0.07682309
    0.04190175
   -0.34545158
    0.03878236
    0.02328231
    0.04398476
    0.08767865
    0.04148591
    0.04185311
    0.09583763
   -0.33299616
    0.08063526
    0.02140875
    0.04668588
    0.07629031
    0.04958327
   -0.35501945
    0.05096863
    0.07997310
    0.04403398
    0.07551464
    0.04372604
    0.04180485
    0.04506224
   -0.34819470
    0.02210414
    0.03832666
    0.05198537
    0.08429027
   -0.33934677
    0.07410028
    0.05545220
    0.06576687
    0.04901160
    0.07562628
    0.07279972
    0.03670350
   -0.34757555
    0.04565751
    0.07395863
    0.04519642
    0.07548329
    0.04882533
    0.04239941
    0.04447899
   -0.34818410
    0.02063767
    0.04588685
    0.04750235
    0.08384273
   -0.33205649
    0.03697398
    0.08429540
    0.07089909
    0.04675261
    0.04422478
    0.07419340
    0.04655562
   -0.34751506
    0.05484561
    0.07579309
    0.04130035
    0.07879781
    0.05051477
    0.03639036
    0.04550834
   -0.34795750
    0.02466246
    0.04279626
    0.04919799
    0.08592798
   -0.33988266
    0.03615310
    0.06014330
    0.07500723
    0.04058725
    0.05123919
    0.07828763
    0.03975627
   -0.34423564
    0.05045046
    0.07771136
    0.04036768
    0.07580087
    0.04609544
    0.04942204
    0.04209059
   -0.34839786
    0.02079858
    0.04780105
    0.04666952
    0.08376908
   -0.43185992
   -0.43109606
   -0.43119394
    0.73682913
   -0.43282557
