   -0.19373871
   -0.03622693
    0.04553333
    0.01710635
    0.04919019
    0.00937831
    0.01279642
    0.04813745
    0.00695401
    0.06780065
    0.06286784
   -0.17514621
    0.20997046
    0.27315606
   -0.52919142
   -0.01786816
   -0.02853675
    0.05768131
   -0.01770714
    0.05697633
   -0.02750463
    0.05458985
   -0.01750008
    0.05813457
   -0.01693919
    0.27532331
   -0.52331605
   -0.16057581
    0.20303246
    0.01052866
    0.06538612
    0.05144976
    0.00654792
    0.01834065
    0.05572704
   -0.19362330
   -0.03629699
    0.04550381
    0.01714559
    0.04921842
    0.00929925
    0.01303866
    0.04798925
    0.00691342
    0.06781984
    0.06285892
   -0.17505589
    0.20996665
    0.27311643
   -0.52925016
   -0.01790201
   -0.02863328
    0.05782043
   -0.01773490
    0.05697880
   -0.02751235
    0.05459047
   -0.01750342
    0.05803570
   -0.01693839
    0.27538373
   -0.52322349
   -0.16080173
    0.20316553
    0.01073497
    0.05144089
    0.06503193
    0.00661526
    0.05594369
    0.01818298
   -0.94467669
