   -0.96340091
   -0.04147205
    0.08121241
    0.04293507
   -0.06817412
    0.15581669
    0.13291691
   -0.05736088
    0.09132808
    0.13004590
    0.01101613
   -0.05142925
    0.10812169
   -0.05743702
    0.12136311
    0.01471075
   -0.03600182
    0.02950482
   -0.03856028
    0.03162245
   -0.06452925
    0.09682640
    0.13900611
   -0.05626530
    0.11380803
    0.09657403
   -0.04016412
    0.09670719
    0.03672264
   -0.04259718
    0.08828754
    0.04968538
   -0.06024853
    0.12738709
    0.10088910
   -0.06277380
    0.10484163
    0.13071746
    0.01106796
   -0.04972835
    0.06904849
   -0.04458604
    0.06143926
    0.01278682
   -0.05920297
    0.07753107
   -0.04381980
    0.06841424
   -0.06403551
    0.11074579
    0.14516320
   -0.06013926
    0.13453417
    0.10418428
   -0.04283057
    0.08226570
    0.04797334
   -0.03708112
    0.08031918
    0.04473357
   -0.05440624
    0.12485667
    0.09170001
   -0.05814241
    0.08824725
    0.13851169
    0.00950315
   -0.05777577
    0.12662027
   -0.06055575
    0.12777868
    0.00984944
   -0.02924201
    0.00956381
   -0.03422162
    0.01956239
   -0.05384972
    0.08028756
    0.14325184
   -0.05259774
    0.14259884
    0.08780799
   -0.04177666
    0.07055061
    0.04766093
   -0.14205825
   -0.02915102
    0.27460154
    0.27184805
   -0.02757433
    0.30738280
    0.28698184
   -0.02177958
    0.30535112
    0.27909082
   -0.02585253
    0.30287790
    0.27861984
   -0.02813763
    0.31115026
    0.27910746
   -0.05378890
    0.30569902
    0.25110672
   -0.14167392
