   -0.05635729
    0.05854114
    0.04295481
    0.01881492
    0.04350155
    0.04498008
    0.05208276
    0.05386772
    0.09029020
    0.04526464
    0.07537678
    0.05144008
    0.32447985
    0.04760199
    0.08994386
    0.05334484
    0.08691380
    0.05082467
    0.33115559
   -0.16120456
    0.32761808
   -0.15474104
   -0.16217752
    0.32798264
   -0.52466611
   -0.16032763
   -0.16619741
   -0.15983314
   -0.52664312
   -0.16106871
   -0.16070271
   -0.52652687
   -0.52632583
   -0.15989640
   -0.53117928
   -0.16113898
   -0.52703341
   -0.17296125
   -0.16070435
   -0.16130451
   -0.15797389
   -0.15895642
   -0.16203848
   -0.53513534
   -0.53534352
    0.06113580
    0.04314626
   -0.07043472
   -0.06613416
    0.07867237
    0.32521522
    0.32417346
    0.07447569
   -0.05897984
    0.32572957
    0.05243565
    0.08435926
    0.08639456
    0.32448601
    0.05229706
   -0.06880449
   -0.06551897
   -0.05602144
   -0.06396137
    0.04581394
   -0.06987763
   -0.05838120
    0.05349553
   -0.06361775
   -0.05351586
   -0.06340314
   -0.05981360
   -0.06313054
   -0.05809436
   -0.06115337
   -0.06297785
   -0.06248748
   -0.05589475
   -0.05931301
   -0.06947706
   -0.06585283
   -0.07095933
   -0.06629541
   -0.06152203
   -0.06373064
   -0.06408154
    0.04999241
    0.03773853
    0.04140226
   -0.05382923
    0.03994305
    0.05031990
    0.02329207
    0.03035511
    0.06805409
    0.06551692
    0.03660048
    0.08414466
    0.08461750
   -0.01344922
    0.03073380
    0.06405254
    0.06108356
    0.02742678
    0.08062658
    0.06794291
    0.02899709
    0.03947870
    0.04091676
    0.05943203
    0.05307642
    0.05082847
    0.04988944
    0.08352458
    0.08081002
    0.08570507
    0.08437960
    0.05174437
    0.03364353
    0.02160137
    0.06809025
    0.06658168
    0.06597807
    0.06460194
    0.02192242
    0.05812999
    0.04914595
    0.05162955
    0.04918303
    0.04523547
    0.04246810
    0.04269032
    0.04759933
    0.03475166
    0.05667913
    0.05279322
    0.04706460
    0.03633682
    0.02329067
    0.05198931
    0.04366678
    0.03428787
    0.04562153
    0.05249082
    0.04841707
    0.05323286
    0.03504829
    0.05616334
    0.03598304
    0.05227702
    0.03216227
    0.05728204
    0.03777169
    0.04625893
    0.05306357
    0.04373604
    0.04891881
    0.03658124
    0.04574254
    0.03917465
    0.05254012
    0.06086719
    0.05209744
    0.05285111
    0.04853869
    0.06157181
    0.05312786
    0.05416376
    0.05004371
    0.03744564
    0.05654025
    0.05679390
    0.03672407
    0.03863743
    0.05831560
    0.05234999
    0.05717200
   -0.19401668
    0.05422624
    0.03609497
    0.03546985
   -0.06254595
    0.04322522
    0.05708631
   -0.05810825
   -0.09897500
    0.04579950
    0.04612654
    0.09250524
    0.36705384
    0.08838292
   -0.40125665
   -0.46606461
    0.38409451
   -0.93845092
