    0.32392493
    0.05176788
    0.01901736
    0.04259224
    0.04627805
   -0.05330841
    0.02234324
    0.05032386
   -0.06737763
    0.05747717
    0.05276414
   -0.06343226
    0.03020220
    0.06276133
   -0.07221829
    0.05969402
    0.06105785
    0.04259282
    0.32392620
    0.04253833
    0.04633664
    0.05180404
    0.01897451
   -0.07226226
    0.05966399
    0.06113578
   -0.06343850
    0.03018555
    0.06278777
   -0.06739978
    0.05746259
    0.05281328
   -0.05335117
    0.02243316
    0.05020488
    0.07290570
    0.08866205
    0.08863422
    0.32393618
    0.05177245
    0.01901324
    0.04259006
    0.04627281
   -0.05331540
    0.02236747
    0.05028279
   -0.06738105
    0.05278354
    0.05746823
   -0.06344593
    0.06275731
    0.03021671
   -0.07225225
    0.05968830
    0.06112363
    0.07115627
    0.08395209
    0.07116279
    0.32393268
    0.04253760
    0.04633943
    0.05180579
    0.01897075
   -0.07226484
    0.05966258
    0.06114263
   -0.06342849
    0.03017539
    0.06277449
   -0.06739867
    0.05745574
    0.05281919
   -0.05335328
    0.02242837
    0.05020755
    0.07290912
    0.08864462
    0.08864733
    0.32393255
    0.05176662
    0.01902298
    0.04259864
    0.04626495
   -0.05331441
    0.02235493
    0.05031139
   -0.06737266
    0.05276977
    0.05746646
   -0.06343339
    0.06276169
    0.03019945
   -0.07223362
    0.05968656
    0.06108544
    0.08394687
    0.07113545
    0.07135998
    0.32392979
    0.04252569
    0.04634588
    0.05179944
    0.01898463
   -0.07227250
    0.05965452
    0.06115567
   -0.06344008
    0.03018329
    0.06278602
   -0.06741061
    0.05745260
    0.05283166
   -0.05336730
    0.02242822
    0.05019185
    0.07291097
    0.08864372
    0.08863499
   -0.16340928
   -0.16240792
   -0.16232436
   -0.16340556
   -0.16342078
   -0.16243930
   -0.16232283
   -0.16342581
   -0.16340896
   -0.16244942
   -0.16228696
   -0.16342438
   -0.52453924
   -0.52457059
   -0.52452986
   -0.52457182
   -0.52453053
   -0.52460132
    0.04627835
    0.07132047
    0.08394137
    0.08392682
    0.32392525
    0.04252122
    0.04635769
    0.05179888
    0.01898662
   -0.07226448
    0.05966072
    0.06113544
   -0.06344452
    0.03018867
    0.06278626
   -0.06739791
    0.05746022
    0.05279211
   -0.05335478
    0.02243484
    0.05016957
    0.07290292
    0.08865510
    0.08862939
    0.32393415
    0.05176966
    0.01902388
   -0.05330054
    0.02238170
    0.05027376
   -0.06737873
    0.07116791
    0.05276137
    0.05748089
   -0.06344614
    0.07133371
    0.06275473
    0.03023364
   -0.07222297
    0.05970582
    0.06106541
    0.07138304
   -0.16224406
   -0.16343045
   -0.16342174
   -0.16241062
   -0.52459032
   -0.52452647
   -0.27804920
   -0.27805896
   -0.26620835
    0.54977332
   -0.26586479
   -0.27808020
   -0.27806354
