   -0.48702390
   -0.48581881
   -0.50489084
   -0.50521035
   -0.48111155
   -0.48373088
   -0.17860623
    0.00752043
    0.01650177
    0.03976253
   -0.07279503
    0.04710008
    0.06115293
   -0.00047769
    0.06696632
    0.07009246
   -0.15418262
    0.20350181
    0.26586889
    0.07098674
   -0.22745597
   -0.02040409
    0.04977321
   -0.00206904
    0.03445367
   -0.02019278
    0.04884947
    0.07262460
    0.26668102
   -0.15149147
    0.20029482
   -0.00072444
    0.07094347
    0.06653242
   -0.07281082
    0.06102777
    0.04699204
    0.00700359
    0.03934390
    0.01784024
   -0.17877260
    0.00006918
    0.04055921
    0.03896987
   -0.06119885
    0.02228039
    0.05088651
    0.02123804
    0.05026676
    0.04101590
   -0.16178574
    0.20216494
    0.25895076
    0.06624561
   -0.23510264
   -0.03208484
    0.06308825
   -0.01562222
    0.05747988
   -0.03214911
    0.06320381
    0.06616675
    0.25881469
   -0.16155592
    0.20220390
    0.02077164
    0.04322795
    0.05039750
   -0.06107541
    0.01865522
    0.05235301
   -0.00058393
    0.04112829
    0.03986978
    0.00761606
    0.01154912
    0.04179642
   -0.07484818
    0.05624632
    0.05810665
   -0.00132852
    0.07134081
    0.06777173
   -0.15319522
    0.19868274
    0.26801398
    0.07291658
   -0.23071173
   -0.01828492
    0.04606122
   -0.00112741
    0.02687648
   -0.01894629
    0.04739407
    0.07087500
    0.26703933
   -0.15615549
    0.20407206
   -0.00049289
    0.06779762
    0.06901544
   -0.07541134
    0.05909002
    0.05767474
    0.00799796
    0.00967283
    0.04192681
   -0.91192623
