   -0.98160766
   -0.14732357
    0.11573494
    0.05328759
   -0.09866805
   -0.05161835
    0.08435591
    0.06662207
    0.07841242
    0.19509137
   -0.49692411
   -0.09867539
   -0.05119571
    0.07826313
    0.06718166
    0.08320078
    0.11578070
    0.05324952
   -0.14815853
    0.32700928
   -0.49552900
    0.07056679
    0.09824519
    0.09805114
   -0.14772083
    0.11582020
    0.05290043
   -0.09857800
   -0.05161213
    0.08358544
    0.07849882
    0.06713726
    0.19506047
   -0.49679612
   -0.09862233
   -0.05136698
    0.07833736
    0.08330093
    0.06725868
    0.11568153
    0.05326342
   -0.14799129
    0.32698694
   -0.49536281
    0.07044047
    0.09821409
    0.09818558
   -0.14751770
    0.11577891
    0.05305818
   -0.09864422
   -0.05159958
    0.06668681
    0.07824106
    0.08462496
    0.19504175
   -0.49645065
   -0.09880336
   -0.05103833
    0.07807253
    0.06761692
    0.08278007
    0.11563261
    0.05361543
   -0.14787368
    0.32701540
   -0.49565435
    0.07055499
    0.09813580
    0.09795525
   -0.14732177
    0.11573510
    0.05328469
   -0.09866697
   -0.05161815
    0.08434539
    0.06662527
    0.07841511
    0.19509248
   -0.49693330
   -0.09867154
   -0.05123269
    0.07826716
    0.06722522
    0.08320210
    0.11578011
    0.05324391
   -0.14816183
    0.32700858
   -0.49552891
    0.07056454
    0.09825046
    0.09805114
   -0.14772650
    0.11582338
    0.05289720
   -0.09857673
   -0.05161251
    0.08359581
    0.07849521
    0.06713294
    0.19506042
   -0.49680084
   -0.09862426
   -0.05136537
    0.07833922
    0.08330658
    0.06724996
    0.11568244
    0.05326649
   -0.14799382
    0.32698626
   -0.49535945
    0.07044180
    0.09821347
    0.09818479
   -0.14751334
    0.11578298
    0.05305011
   -0.09866462
   -0.05161335
    0.06671357
    0.07823299
    0.08463956
    0.19504582
   -0.49646748
   -0.09880169
   -0.05103968
    0.07807051
    0.06761540
    0.08278444
    0.11563386
    0.05360982
   -0.14786909
    0.32701313
   -0.49564800
    0.07055339
    0.09813523
    0.09796178
