    0.32480191
    0.05311297
    0.02014798
    0.04395402
    0.04206196
   -0.05533312
    0.02611144
    0.04659703
   -0.06562568
    0.05332394
    0.05195464
   -0.06271290
    0.03152200
    0.05991862
   -0.07058060
    0.05671974
    0.05855966
    0.04301885
    0.32388959
    0.04278247
    0.04437263
    0.05443811
    0.01401038
   -0.07132599
    0.05738052
    0.06031984
   -0.06382271
    0.03271365
    0.06065187
   -0.06664691
    0.05347572
    0.05192079
   -0.05870188
    0.03052833
    0.04872642
    0.07399041
    0.08694989
    0.08726872
    0.32407273
    0.05484412
    0.01319659
    0.04305433
    0.04433765
   -0.05634041
    0.02481599
    0.04916248
   -0.06647303
    0.05160733
    0.05387917
   -0.06375019
    0.06043179
    0.03257411
   -0.07131940
    0.05755169
    0.06038509
    0.06953986
    0.08426799
    0.06920559
    0.32408054
    0.04281527
    0.04392830
    0.05235398
    0.01999364
   -0.07034736
    0.05706092
    0.05717821
   -0.06323641
    0.03172685
    0.05968618
   -0.06641766
    0.05407713
    0.05204819
   -0.05832102
    0.03071665
    0.04878260
    0.07434531
    0.08660276
    0.08667422
    0.32440881
    0.05410764
    0.01685339
    0.04364957
    0.04326227
   -0.05398694
    0.02303414
    0.04634651
   -0.06562668
    0.05090596
    0.05400791
   -0.06263856
    0.06049414
    0.03164527
   -0.07049938
    0.05774026
    0.05908313
    0.08529766
    0.06941408
    0.07052309
    0.32449993
    0.04359767
    0.04267132
    0.05128743
    0.02402672
   -0.07075621
    0.05645226
    0.05875405
   -0.06331861
    0.03221599
    0.06031564
   -0.06609137
    0.05388194
    0.05185562
   -0.05634269
    0.02732037
    0.04744979
    0.07511030
    0.08630173
    0.08578622
   -0.16515065
   -0.16069176
   -0.16004993
   -0.16415534
   -0.16368732
   -0.16117904
   -0.15935707
   -0.16316401
   -0.16351756
   -0.16175436
   -0.16016546
   -0.16516159
   -0.52734064
   -0.52621519
   -0.52490485
   -0.52760425
   -0.52639232
   -0.52881764
    0.04412636
    0.07099546
    0.08418952
    0.08542504
    0.32415102
    0.04349319
    0.04317667
    0.05334493
    0.01868896
   -0.07026295
    0.05720645
    0.05843575
   -0.06357634
    0.03400013
    0.06045075
   -0.06584565
    0.05370531
    0.05120416
   -0.05619504
    0.02792149
    0.04677213
    0.07467169
    0.08603107
    0.08694386
    0.32440100
    0.05468327
    0.01468616
   -0.05601653
    0.02651750
    0.04881541
   -0.06596359
    0.07063386
    0.05216521
    0.05423858
   -0.06284583
    0.07030360
    0.05907415
    0.03183394
   -0.06997476
    0.05756886
    0.05636721
    0.07067744
   -0.16115357
   -0.16434893
   -0.16371546
   -0.15986138
   -0.52847578
   -0.52601898
   -0.43648172
   -0.43040284
   -0.43579626
    0.74283975
   -0.43580182
