   -0.50195665
   -0.48963349
   -0.49731170
   -0.49172342
   -0.50223191
   -0.49346159
   -0.15456139
   -0.14624993
   -0.15379867
   -0.14768126
   -0.14942758
   -0.14949115
   -0.15170243
   -0.14619563
   -0.14982287
   -0.15056496
   -0.14601549
   -0.14573074
    0.32698129
    0.32368829
    0.11351326
    0.05267425
    0.11190590
    0.05460901
    0.32605419
    0.31998879
    0.11123167
    0.05690808
    0.11207097
    0.05421258
    0.32716591
    0.31961534
    0.10989888
    0.05959786
    0.11165189
    0.05647843
   -0.00959224
    0.07338678
    0.07445168
    0.07489294
    0.06649814
    0.10403944
    0.10243209
    0.06638654
    0.09906516
    0.10230302
    0.06908173
    0.09828131
    0.10030032
   -0.01674051
    0.07871406
    0.06389109
    0.09073651
   -0.01069090
    0.06974301
    0.07615984
    0.06898609
   -0.00567119
    0.07927912
    0.08607612
    0.08243511
   -0.00723818
    0.07875151
    0.08964931
    0.07927117
   -0.00680674
    0.08257730
    0.08873304
    0.07966155
   -0.50145258
   -0.48295516
   -0.49912461
   -0.49163404
   -0.49806377
   -0.49367910
   -0.15072883
   -0.14855858
   -0.15552519
   -0.14214974
   -0.15003512
   -0.15022161
   -0.14972795
   -0.14664697
   -0.15476842
   -0.15048909
   -0.15304630
   -0.14961664
    0.32752745
    0.32370864
    0.11330872
    0.05340887
    0.11133699
    0.05180644
    0.32556007
    0.31977579
    0.11041845
    0.05896348
    0.11251433
    0.05294414
    0.32728957
    0.32411553
    0.11296674
    0.05351513
    0.11475061
    0.04964990
   -0.00959816
    0.06793221
    0.07133687
    0.07545977
    0.06668880
    0.10299344
    0.10394774
    0.06684092
    0.09931016
    0.10048913
    0.06977676
    0.09717047
    0.10220979
   -0.01040885
    0.08374019
    0.07615671
    0.09366620
   -0.01127126
    0.07216038
    0.07675110
    0.06917649
   -0.00627343
    0.07921674
    0.08702521
    0.08283611
   -0.01017537
    0.07499099
    0.08144370
    0.06732661
   -0.01453306
    0.08812229
    0.07765695
    0.06588054
    0.04803045
    0.02872975
   -0.32725945
    0.07561305
    0.04564195
    0.04291277
    0.07636998
    0.04544950
   -0.33292200
    0.04414975
    0.07590036
    0.04305986
    0.07774906
    0.04224532
    0.04085959
    0.04026652
   -0.33343880
    0.02740154
    0.04210753
    0.04192213
    0.07525873
    0.04541450
   -0.32805631
    0.02761486
    0.07674539
    0.04434292
    0.08085606
    0.04253230
    0.04000213
    0.04173875
   -0.33457522
    0.07241718
    0.03874030
    0.05525111
    0.07899928
    0.03826448
   -0.33258968
    0.03935651
    0.02745563
    0.04142825
    0.07504466
    0.04156842
   -0.32219675
    0.08032898
    0.03360100
    0.07071482
    0.04073539
    0.05025851
    0.07642136
    0.04774004
   -0.33561340
    0.04403336
    0.07748588
    0.04444482
    0.08025407
    0.03975443
    0.04063487
    0.03470048
   -0.33347163
    0.02960400
    0.04313721
    0.03927679
    0.07828085
    0.04562327
   -0.32796697
    0.02848595
    0.07626792
    0.04431230
    0.08064292
    0.04360013
    0.03979169
    0.04203916
   -0.33446004
    0.07162864
    0.03854783
    0.05667048
    0.07871746
    0.03809725
   -0.33278854
    0.03986414
    0.02733208
    0.04134385
    0.07488340
    0.04164286
    0.07564168
    0.03044906
   -0.32476690
    0.07153002
    0.04104626
    0.05076352
    0.07902492
    0.04281530
   -0.33431848
    0.04390187
    0.07731460
    0.04442330
    0.07922386
    0.03995079
    0.04111311
    0.03683426
   -0.33385404
    0.02911181
    0.04328791
    0.03946479
    0.07864984
    0.08261566
    0.04072130
   -0.32491602
    0.08083144
    0.04309957
    0.02872335
    0.07553339
    0.04369461
   -0.33971443
    0.04995177
    0.07765448
    0.04607690
    0.07635728
    0.03795747
    0.03987370
    0.04136571
   -0.33199096
    0.02948398
    0.04190424
    0.03711386
    0.07621201
   -0.32830231
    0.04579012
    0.02896401
    0.07656375
    0.04431070
    0.04338383
    0.08072220
    0.03952750
   -0.33455037
    0.04207942
    0.07174096
    0.03842120
    0.07881988
    0.05662765
    0.03808458
    0.03977825
   -0.33290114
    0.02734196
    0.04147130
    0.04164950
    0.07493062
    0.08043194
   -0.32235082
    0.03481460
    0.06960099
    0.04050708
    0.07594972
    0.05178154
    0.04683568
    0.04420463
   -0.33610094
    0.07569105
    0.04484177
    0.04274049
    0.07807834
    0.03934047
   -0.33150218
    0.03723198
    0.02740632
    0.04182458
    0.07665870
    0.04008468
    0.04027145
    0.08131801
   -0.32494300
    0.08189036
    0.02806014
    0.04382396
    0.07687807
    0.04797738
   -0.33965200
    0.04394988
    0.08097303
    0.03454510
    0.07729663
    0.04404107
    0.04090557
    0.04216382
   -0.33477094
    0.02719141
    0.04082931
    0.04529399
    0.07527665
   -0.32387836
    0.05653131
    0.04773054
    0.07322035
    0.04286346
    0.04741148
    0.07526104
    0.05030166
   -0.33784540
    0.04355943
    0.07691614
    0.04382531
    0.07820210
    0.04292291
    0.03833204
    0.03868851
   -0.33211160
    0.02766464
    0.04115745
    0.04094924
    0.07594413
   -0.32343519
    0.03247710
    0.07725393
    0.07145361
    0.04992524
    0.04065217
    0.07663768
    0.04340225
   -0.33505427
    0.04747041
    0.07747245
    0.03976687
    0.07971836
    0.04392864
    0.03600103
    0.04094295
   -0.33410682
    0.02914138
    0.03966184
    0.04341756
    0.07881832
   -0.32792976
    0.03359156
    0.04834867
    0.07769070
    0.03872134
    0.04413801
    0.07907035
    0.04086832
   -0.33296460
    0.04369228
    0.07666393
    0.04095987
    0.07798648
    0.04268501
    0.03984791
    0.04131241
   -0.33340001
    0.02715847
    0.04205412
    0.04255886
    0.07573557
   -0.92189556
