    1.16344051
   -0.03486189
    0.08404997
    0.04561024
   -0.04958251
    0.11545987
    0.10042069
   -0.05196172
    0.10137166
    0.11793026
    0.01168244
   -0.04108930
    0.06257610
   -0.02362402
    0.04707826
   -0.04111566
    0.06257333
    0.01178398
   -0.05204573
    0.07956306
   -0.05181255
    0.10103807
    0.11788985
   -0.04919363
    0.09989798
    0.11527064
   -0.03424901
    0.04471471
    0.08424517
   -0.03545441
    0.08026842
    0.04889273
   -0.05252706
    0.12694688
    0.09958280
   -0.05431186
    0.10192963
    0.12838812
    0.01447155
   -0.04357966
    0.05464056
   -0.03020187
    0.03476054
   -0.04383662
    0.05485353
    0.01403686
   -0.05579437
    0.09545505
   -0.05430533
    0.12858092
    0.10226059
   -0.05242954
    0.12701434
    0.09939831
   -0.03553164
    0.04876777
    0.08053933
   -0.03758562
    0.08435266
    0.05033362
   -0.05572331
    0.12617485
    0.10785371
   -0.06279904
    0.11614458
    0.13645480
    0.01672396
   -0.04207137
    0.05644483
   -0.02678930
    0.03446819
   -0.04318251
    0.05444631
    0.01432957
   -0.05038238
    0.10153886
   -0.06143902
    0.13204910
    0.11179349
   -0.05493247
    0.10672109
    0.12457459
   -0.03714035
    0.04955447
    0.08396584
   -0.15098614
   -0.03453316
    0.27023047
    0.30294422
   -0.03471222
    0.26980947
    0.30344906
   -0.03296002
    0.26320815
    0.30382859
   -0.03255623
    0.30389472
    0.26292046
   -0.01357911
    0.27580582
    0.28569384
   -0.01412188
    0.27619701
    0.28899048
   -0.15076342
   -0.58931591
   -0.45896920
   -0.59098005
   -0.45925044
