   -0.35259944
   -0.34646241
   -0.35242859
   -0.34918093
   -0.34957135
   -0.35083128
   -0.34550604
   -0.33215437
   -0.35313349
   -0.35144652
   -0.32817976
   -0.34102515
   -0.33022819
   -0.34613734
   -0.33501839
   -0.35000801
   -0.33289515
   -0.33456801
   -0.32805979
   -0.35348178
   -0.33638781
    0.09547033
    0.04533925
    0.23715450
    0.05769822
    0.23706297
    0.05699896
   -0.33195145
   -0.33180518
    0.10199219
    0.03754010
   -0.35442427
    0.10073215
    0.05370221
   -0.34311924
    0.11601826
    0.03376040
    0.11056855
    0.05244364
    0.10701941
    0.03314114
    0.09530590
    0.03972980
    0.10519892
    0.04790299
    0.11499381
    0.03547140
    0.11563966
    0.03279271
    0.10287146
    0.04396312
   -0.35373538
    0.09562695
    0.04388159
    0.10362536
    0.03306792
   -0.34134643
   -0.33297265
    0.11050106
    0.02866054
   -0.34564183
    0.10369409
    0.04237699
    0.10610492
    0.04623516
    0.23879158
    0.06111261
    0.23873295
    0.05609134
    0.10292066
    0.05098875
    0.11360840
    0.03619957
    0.03119805
    0.02744205
    0.09684959
    0.05946084
    0.09789331
    0.04299516
    0.07734410
    0.04415512
    0.05737363
    0.11293504
    0.03833781
    0.24305042
    0.06144414
    0.07804623
    0.04339142
    0.05735107
    0.02379166
    0.03671953
    0.09920385
    0.06106835
    0.10100820
    0.03162490
    0.02511280
    0.03855938
    0.09883211
    0.05701088
    0.02457237
    0.04381557
    0.08356076
    0.06415747
   -0.32403344
    0.03598197
    0.02851828
    0.09515908
    0.05046756
    0.04092092
    0.03404311
    0.09307516
    0.03489897
    0.09453647
    0.04104063
    0.08404009
    0.04348866
    0.05128958
    0.10951039
    0.04821432
    0.09775494
    0.05079712
    0.23897986
    0.06137126
    0.08316141
    0.04098433
    0.04845405
    0.01808344
    0.05601293
    0.09449462
    0.04989760
    0.01869319
    0.04277482
    0.09973732
    0.05975159
    0.08363921
    0.03955817
    0.04785586
    0.02591950
    0.08538898
    0.04289251
    0.06210377
    0.07008260
    0.05156513
    0.08721576
    0.01772302
    0.04717888
    0.09838171
    0.05885219
    0.01367422
    0.05349866
    0.09858464
    0.05897440
    0.01459844
    0.05099549
    0.09870824
    0.05919096
    0.01506094
    0.06118729
    0.09550491
    0.06535085
    0.04414676
    0.01739412
    0.07803127
    0.04701719
    0.02203151
    0.05197143
    0.08164186
    0.06376791
    0.02873241
    0.03070637
    0.09773867
    0.05959813
    0.01423939
    0.05501981
    0.09973822
    0.06017294
    0.01941278
    0.05607325
    0.09412780
    0.04849576
   -0.46811252
   -0.46400567
    0.80595429
   -0.45311375
   -0.46330453
