   -0.25066436
   -0.24833902
   -0.25552761
   -0.25387427
   -0.24766944
   -0.24988867
   -0.25440572
   -0.25443809
   -0.33647568
   -0.33506434
   -0.33558103
   -0.33315840
   -0.33637215
   -0.34037763
   -0.33392464
   -0.33457882
    0.15301003
   -0.07741750
    0.04581707
    0.15218682
   -0.06832325
   -0.02257556
    0.36974879
   -0.05446147
    0.14365377
   -0.08362178
    0.15041906
   -0.06056430
    0.03980655
   -0.00413047
   -0.06640201
    0.06240884
    0.15138532
   -0.06002652
    0.08959648
    0.15038194
   -0.05757712
   -0.02453158
    0.37103956
   -0.04452847
    0.14936959
   -0.08389385
    0.14430288
   -0.06403469
    0.06109702
   -0.00329351
   -0.06433801
    0.15191580
   -0.07790320
    0.04570600
    0.15299149
   -0.05459150
   -0.02260637
    0.37012675
   -0.06808123
    0.14526102
   -0.08362736
    0.14979984
   -0.06577470
    0.03732677
   -0.00265758
   -0.06429348
    0.06088100
    0.15012102
   -0.06047610
    0.09036924
    0.15170914
   -0.04452948
   -0.02445521
    0.37115185
   -0.05781745
    0.15008424
   -0.08340891
    0.14469492
   -0.06594123
    0.06108405
   -0.00415673
   -0.05985636
    0.04037421
    0.26773241
    0.02022137
    0.13069350
   -0.06126932
    0.04044455
    0.12693142
   -0.00595507
   -0.04806364
    0.08506975
   -0.00426713
    0.25992232
    0.02825057
    0.12816878
   -0.06649422
    0.05330813
    0.12893640
   -0.00549302
   -0.04725182
    0.07896921
   -0.00626041
    0.26203125
    0.12643152
   -0.06027794
    0.03999222
    0.13042841
   -0.00336482
   -0.05024891
    0.09003388
   -0.00656516
    0.26706057
    0.01939915
    0.12720261
   -0.07242388
    0.05072924
    0.12663097
   -0.00182891
   -0.03951859
    0.08261436
   -0.00053461
   -0.01230248
    0.06625254
   -0.01366733
    0.07133976
   -0.01157968
    0.06159360
   -0.01353556
    0.06650873
   -0.06122125
    0.06081957
    0.06548759
   -0.09729451
    0.08358139
    0.08089996
    0.37153210
   -0.47978224
   -0.41152220
   -0.06778829
    0.07005118
    0.07107195
   -0.09330543
    0.07478406
    0.08908108
    0.37368060
   -0.49937744
   -0.39579065
   -0.05979734
    0.05998306
    0.06922513
   -0.09770272
    0.08244486
    0.07137727
    0.37300087
   -0.48320002
   -0.40897841
   -0.06822562
    0.06840094
    0.06948101
   -0.10438707
    0.08433381
    0.11441008
    0.37125865
   -0.48544439
   -0.42136331
    0.41592255
    0.42183952
    0.41873370
    0.41983779
   -0.45856227
   -0.47787854
    0.78964859
   -0.45648996
   -0.45403503
    0.10003683
    0.09776455
    0.09883777
   -0.45419936
    0.07826356
    0.08741771
    0.08530871
    0.09350251
    0.08571738
    0.08077001
    0.09429752
    0.08601949
   -0.45601169
   -0.45308551
   -0.45471046
   -0.39949442
    0.41369399
   -0.40257211
    0.41065075
   -0.39964883
    0.41271563
   -0.40272837
    0.40853655
    0.02799749
    0.10198023
    0.03662047
