   -0.34280607
   -0.34357531
   -0.34240019
   -0.34392339
   -0.34609119
   -0.34517608
   -0.34108413
   -0.33937489
   -0.14214252
    0.23378083
   -0.25884483
    0.25282933
    0.24686709
   -0.27308713
    0.25808941
    0.25800727
   -0.13967482
    0.23507376
   -0.26326671
    0.24061615
    0.26302404
   -0.26752078
    0.25060802
    0.26720579
   -0.13903668
    0.22954883
   -0.24435362
    0.24912960
    0.26940919
   -0.27556351
    0.26075955
    0.24428597
   -0.13222851
    0.22854430
   -0.25647721
    0.25403761
    0.25454753
   -0.26779575
    0.25484115
    0.25454050
    0.12246875
   -0.07819709
    0.05128756
    0.12258122
    0.23053675
    0.00824243
    0.06673559
    0.12306430
   -0.07726853
    0.05203677
    0.12305314
    0.23082097
    0.06631087
    0.01028940
    0.12239637
   -0.07834265
    0.05166238
    0.12271348
    0.23018474
    0.06714288
    0.00865447
    0.12311488
   -0.07719403
    0.05319358
    0.12313457
    0.22935583
    0.00806899
    0.06752769
   -0.00530532
   -0.05763469
    0.10882642
   -0.00513857
   -0.01757526
    0.06419305
   -0.00243929
   -0.05528021
    0.11225665
   -0.00312601
   -0.01734466
    0.06042657
   -0.00546348
   -0.05704752
    0.10735052
   -0.00567276
   -0.01683116
    0.06294590
   -0.00223644
   -0.05606785
    0.11558476
   -0.00225801
   -0.01829199
    0.06596265
   -0.08398167
    0.07146013
    0.06543438
   -0.08041698
    0.05252578
    0.05482675
   -0.03237244
    0.08954766
    0.09067420
    0.24070532
   -0.07981688
    0.06001646
   -0.07965217
    0.06840840
    0.04911341
   -0.02307993
    0.08371508
    0.07094302
    0.23697663
   -0.08044782
    0.07059223
    0.05361631
   -0.07951260
    0.06894240
    0.04815922
   -0.03460359
    0.10412378
    0.07020090
    0.23700177
   -0.08134829
    0.06303685
    0.06713440
   -0.08119302
    0.05319054
    0.05443020
   -0.03754256
    0.09317495
    0.10013054
    0.24047228
    0.07187862
    1.11038781
   -0.52123683
   -0.51664452
   -0.50303010
   -0.50067184
