   -0.98768289
   -0.31253407
    0.07705680
    0.07498020
   -0.27692416
    0.13371365
   -0.05109496
   -0.04632351
    0.13165751
   -0.28905997
    0.08011241
   -0.02310216
    0.08389445
   -0.14975712
   -0.20981877
    0.05337989
   -0.02124471
   -0.06421521
   -0.06248306
   -0.05144297
    0.04988354
   -0.21679307
   -0.15325120
    0.08998227
   -0.02560628
   -0.01432133
    0.08738479
   -0.28212959
    0.13392580
   -0.06169059
   -0.05582685
    0.13154863
   -0.27698485
    0.07138435
    0.06806990
   -0.30548529
    0.07736999
    0.07849429
   -0.31119830
    0.07839990
    0.07756094
   -0.06879258
   -0.05865017
   -0.07176189
   -0.07219736
    0.03604978
    0.04675737
    0.04337329
    0.05757521
    0.04781593
    0.04678250
    0.05212481
    0.04750061
    0.08072445
    0.09675562
    0.04031712
    0.05429129
    0.09183302
    0.06836902
    0.03704188
    0.05358059
    0.03432327
    0.05124983
    0.04060930
    0.03546964
    0.07941628
    0.03703906
    0.03344887
    0.04546650
    0.04296047
    0.03099612
    0.03484781
    0.04466123
    0.03383762
    0.04671229
    0.04565400
    0.05353538
    0.04312028
    0.04536183
    0.05134955
    0.05287997
    0.02960768
    0.03017388
    0.04819467
    0.04976562
