   -0.51295305
   -0.49842508
   -0.51415428
   -0.50623042
   -0.51028712
   -0.50205044
   -0.15490218
   -0.14905743
   -0.15623104
   -0.14639997
   -0.15304740
   -0.15371574
   -0.15099337
   -0.14332690
   -0.15411523
   -0.15321049
   -0.15091214
   -0.14755239
    0.32708049
    0.32683421
    0.10930997
    0.04866641
    0.10871458
    0.04846585
    0.32350920
    0.32662606
    0.10768432
    0.05198795
    0.10770225
    0.05537851
    0.32678034
    0.32774143
    0.10933374
    0.05192056
    0.11149573
    0.04576587
   -0.00443341
    0.07360094
    0.08524611
    0.00195717
   -0.04063287
    0.02303282
   -0.03256774
    0.02310034
   -0.03137790
    0.04473583
   -0.02901272
    0.04968235
   -0.03403589
    0.05559472
   -0.00255199
    0.06616808
    0.08100578
    0.00528120
   -0.04173912
    0.03989893
   -0.03237297
    0.04292947
   -0.03361053
    0.04495910
   -0.03077201
    0.04385659
   -0.03507278
    0.04181141
    0.00085833
    0.06207928
    0.07480185
    0.00358043
   -0.03567726
    0.04611020
   -0.03083943
    0.04385006
   -0.03291287
    0.04487913
   -0.03205023
    0.04253860
   -0.04240687
    0.04161392
   -0.00190257
    0.08371657
    0.06852376
    0.00418264
   -0.03454410
    0.03621412
   -0.03117492
    0.04329973
   -0.03403816
    0.04457232
   -0.03210667
    0.04393023
   -0.04163008
    0.04152812
   -0.00384177
    0.08110215
    0.09256152
    0.00544117
   -0.03922607
    0.05000366
   -0.03079864
    0.05116808
   -0.03619733
    0.04445773
   -0.03494267
    0.02993395
   -0.03895512
    0.00610923
   -0.00125648
    0.06812342
    0.08220002
    0.00408219
   -0.04117574
    0.04111963
   -0.03214486
    0.04485159
   -0.03408855
    0.04511982
   -0.03104269
    0.04318894
   -0.03481317
    0.03515490
    0.07032914
    0.10450074
    0.09779147
    0.06552001
    0.10547049
    0.10226711
    0.06980284
    0.10796830
    0.09610077
   -0.51305062
   -0.49835733
   -0.51403941
   -0.50636688
   -0.50999784
   -0.50204565
   -0.15498557
   -0.14921443
   -0.15604768
   -0.14669386
   -0.15282194
   -0.15376389
   -0.15087827
   -0.14316467
   -0.15454050
   -0.15331046
   -0.15077331
   -0.14763025
    0.32703098
    0.32683351
    0.10938167
    0.04876753
    0.10894294
    0.04810497
    0.32352867
    0.32657703
    0.10754824
    0.05223732
    0.10763264
    0.05541693
    0.32675942
    0.32765659
    0.10963901
    0.05138332
    0.11170406
    0.04536135
   -0.00440629
    0.07365071
    0.08513675
    0.00205138
   -0.04056276
    0.02295037
   -0.03255211
    0.02309376
   -0.03137524
    0.04479843
   -0.02897405
    0.04968281
   -0.03392239
    0.05567541
   -0.00226837
    0.06585464
    0.08054163
    0.00525612
   -0.04176852
    0.04020135
   -0.03239281
    0.04293437
   -0.03358406
    0.04496700
   -0.03074897
    0.04385790
   -0.03511911
    0.04191151
    0.00082353
    0.06206217
    0.07493263
    0.00358761
   -0.03566114
    0.04600508
   -0.03083800
    0.04385013
   -0.03291439
    0.04489353
   -0.03205553
    0.04254541
   -0.04242463
    0.04164683
   -0.00186235
    0.08385229
    0.06840185
    0.00413906
   -0.03455122
    0.03605071
   -0.03117717
    0.04327808
   -0.03402681
    0.04456882
   -0.03208177
    0.04395667
   -0.04164734
    0.04161432
   -0.00423889
    0.08231119
    0.09193850
    0.00574152
   -0.03927168
    0.05012791
   -0.03068715
    0.05129978
   -0.03599243
    0.04461593
   -0.03497763
    0.02933363
   -0.03904760
    0.00536814
   -0.00129411
    0.06820133
    0.08232060
    0.00408858
   -0.04112394
    0.04118954
   -0.03209434
    0.04488515
   -0.03408496
    0.04512981
   -0.03106977
    0.04318157
   -0.03487453
    0.03481780
    0.07030679
    0.10465712
    0.09772358
    0.06545097
    0.10549307
    0.10235225
    0.06978856
    0.10808870
    0.09618957
   -0.35936679
   -0.36001535
   -0.36243365
    1.17280623
   -0.36264945
   -0.35857030
   -0.35929230
