    0.08880903
   -0.06533759
   -0.03913865
    0.07507744
    0.07420894
   -0.02324978
   -0.02259268
    0.05394975
    0.05030956
   -0.01975193
    0.06107714
    0.05010406
   -0.01967896
    0.06220279
   -0.20470663
   -0.14818860
   -0.20324374
   -0.14739266
    0.09583244
    0.09457333
   -0.97571275
   -0.14333180
    0.23169892
   -0.14414336
    0.23138555
    0.27267687
   -0.44697103
    0.27328542
   -0.44164256
    0.04538340
    0.01484005
   -0.03780300
   -0.04354493
   -0.03486471
   -0.03414603
    0.04490721
    0.06311019
    0.05000153
    0.04396775
    0.02657743
    0.04526883
    0.01501277
   -0.04357383
   -0.03780719
   -0.02906436
   -0.03946365
    0.06340913
    0.04567493
    0.03671806
    0.05758650
    0.02672249
    0.04966339
    0.04840390
    0.05330896
   -0.32035119
    0.04895050
    0.05168571
    0.04514386
   -0.32150757
   -0.11628478
   -0.10995516
   -0.10985563
   -0.11128158
   -0.11226216
   -0.11262711
    0.03496693
    0.04561449
    0.03518856
    0.03533354
    0.04788524
    0.04250167
    0.03655184
    0.04719786
    0.03443264
    0.04156957
    0.04668186
    0.04157645
    0.03643613
    0.03451012
    0.04710002
    0.03472870
    0.04227086
    0.04813689
    0.07793127
    0.07760960
    0.04529014
    0.04277333
    0.07905169
    0.04068083
   -0.32379478
    0.03885738
    0.07797138
    0.07860022
    0.03923987
    0.03882879
   -0.32522546
    0.03842077
    0.03864342
    0.02939502
    0.07248700
    0.03902021
    0.03921295
    0.04529007
    0.07849309
    0.04253126
    0.04140133
    0.03992980
   -0.32377689
    0.07791199
    0.03830329
    0.03891705
    0.07860794
    0.03871741
   -0.32527666
    0.03922493
    0.02942098
    0.03889980
    0.07243630
    0.03923907
