   -0.52092668
   -0.49773583
   -0.51087983
   -0.49694615
   -0.51131306
   -0.49726981
   -0.16674741
   -0.14626146
   -0.15443967
   -0.14013612
   -0.15370063
   -0.14415599
   -0.14833155
   -0.14100201
   -0.14631044
   -0.16058277
   -0.14669220
   -0.15443109
    0.32392032
    0.32627988
    0.10800336
    0.05632254
    0.09646440
    0.08021204
    0.32378377
    0.32120683
    0.10387013
    0.05259626
    0.10530818
    0.04893643
    0.32465867
    0.32333356
    0.10875933
    0.04601048
    0.11126459
    0.04797941
   -0.01244912
    0.07395140
    0.06837148
    0.07292917
    0.05098456
    0.11831338
    0.12475151
    0.06453718
    0.10240592
    0.11265963
    0.07642274
    0.09783348
    0.09300163
   -0.02277958
    0.08216864
    0.05636905
    0.11007374
   -0.01393212
    0.07815058
    0.07312243
    0.06223419
   -0.01823124
    0.05829029
    0.08237127
    0.08658284
   -0.01542348
    0.05797693
    0.08479881
    0.07548732
   -0.00367654
    0.07622953
    0.08145448
    0.08092275
   -0.51004206
   -0.49092604
   -0.50956645
   -0.49821056
   -0.51462444
   -0.50325047
   -0.16390646
   -0.14706354
   -0.14929460
   -0.14995117
   -0.14673229
   -0.14617408
   -0.14839151
   -0.13995652
   -0.15490736
   -0.15207518
   -0.14430104
   -0.14377721
    0.32622856
    0.32561181
    0.11068863
    0.04523685
    0.10598915
    0.05444074
    0.32323436
    0.32253892
    0.10679966
    0.04901304
    0.10203661
    0.05790016
    0.32735553
    0.32551448
    0.11052424
    0.04554654
    0.10072771
    0.06933844
   -0.01080612
    0.09217198
    0.07333571
    0.06647506
    0.06016704
    0.12190588
    0.10282152
    0.06277221
    0.11606974
    0.10825300
    0.07960810
    0.10389557
    0.09487886
   -0.01953884
    0.07994995
    0.06300510
    0.09013993
   -0.00946113
    0.07007536
    0.07376730
    0.06510883
   -0.00903523
    0.07490943
    0.08097388
    0.09590045
   -0.01734635
    0.06454385
    0.08604705
    0.07757407
   -0.01575025
    0.10540152
    0.06942973
    0.07000210
    0.09088894
    0.06195741
   -0.33523487
    0.06366931
    0.03094341
    0.08329015
    0.06875744
    0.03581965
   -0.34997217
    0.05375148
    0.07012134
    0.04735865
    0.07239329
    0.05942753
    0.04758092
    0.04658230
   -0.34602610
    0.01937000
    0.04521226
    0.04664920
    0.07696846
    0.05115825
   -0.34104660
    0.03636110
    0.07301981
    0.05164675
    0.07107318
    0.05021430
    0.04845039
    0.05457712
   -0.34465345
    0.07249664
    0.04475303
    0.04871071
    0.07424441
    0.04677692
   -0.35034578
    0.04552082
    0.01846098
    0.04998610
    0.08304334
    0.04717849
   -0.33851106
    0.07046404
    0.05491977
    0.05538680
    0.08600240
    0.05697872
    0.06188008
    0.05822274
   -0.35267187
    0.05105097
    0.06552501
    0.06594212
    0.07499653
    0.06388168
    0.04780341
    0.00683589
   -0.34670871
    0.03624534
    0.05733145
    0.01475901
    0.07770495
    0.05310240
   -0.33912970
    0.03393114
    0.07347193
    0.05362064
    0.07950122
    0.04473830
    0.04872713
    0.03952999
   -0.34635535
    0.07009742
    0.04526861
    0.05646884
    0.07905691
    0.04271957
   -0.34725075
    0.04154742
    0.01993416
    0.04846067
    0.08252094
    0.04727357
    0.08880144
    0.04155957
   -0.33111076
    0.07132152
    0.03797594
    0.04468049
    0.07460059
    0.05620284
   -0.34959678
    0.04721378
    0.07685046
    0.04978447
    0.07719186
    0.04074408
    0.04093467
    0.04383069
   -0.34684243
    0.02777338
    0.04918283
    0.03706952
    0.08685633
    0.10014489
    0.03918785
   -0.33385198
    0.07976768
    0.04732496
    0.01381750
    0.07495979
    0.05379403
   -0.35838948
    0.04988767
    0.07226980
    0.05965827
    0.07873495
    0.04906584
    0.03612512
    0.04092229
   -0.34144726
    0.02222098
    0.04401585
    0.04256179
    0.08860984
   -0.34227074
    0.06997719
    0.07306635
    0.06296637
    0.05919993
    0.08716692
    0.07314490
    0.03638695
   -0.34690256
    0.02819594
    0.07129304
    0.04515866
    0.08019656
    0.04636528
    0.04712028
    0.03607077
   -0.34844659
    0.01791376
    0.05317943
    0.04731358
    0.08518069
    0.09230733
   -0.32918599
    0.04507589
    0.07190993
    0.03995877
    0.07104309
    0.04375313
    0.05573080
    0.05929007
   -0.35561279
    0.07250016
    0.05135648
    0.05258621
    0.07856883
    0.03987895
   -0.34572441
    0.03078602
    0.01974384
    0.05315816
    0.08452660
    0.04047641
    0.03422109
    0.08032130
   -0.33040651
    0.07730307
    0.02375136
    0.05176852
    0.07608406
    0.04824405
   -0.35218488
    0.05213646
    0.08142874
    0.04058063
    0.07623017
    0.04387868
    0.04205524
    0.04396583
   -0.34858430
    0.02348914
    0.04421122
    0.04972804
    0.07929717
   -0.33917760
    0.07469910
    0.06429280
    0.06452146
    0.05181341
    0.07241880
    0.06962374
    0.04070221
   -0.34868223
    0.05038844
    0.07259843
    0.04682157
    0.07530827
    0.04937942
    0.04336108
    0.04259799
   -0.34747529
    0.01978299
    0.04625331
    0.04764184
    0.08407265
   -0.32513275
    0.04273672
    0.05935972
    0.05728541
    0.09525070
    0.04836927
    0.06005319
    0.06867151
   -0.36142742
    0.05302864
    0.07869642
    0.05688927
    0.08662972
    0.03782088
    0.04062383
    0.01003863
   -0.34337294
    0.02844407
    0.05648988
    0.01997192
    0.08479542
   -0.33109786
    0.04471788
    0.09286113
    0.07884320
    0.02589004
    0.04530285
    0.07096203
    0.05142376
   -0.35393275
    0.05086820
    0.06922972
    0.05759318
    0.07362955
    0.05040778
    0.05035174
    0.05067597
   -0.35108112
    0.02846904
    0.05007012
    0.05083205
    0.06549723
   -0.35777579
   -0.36781094
   -0.35872513
    1.19333992
   -0.36888998
   -0.36308187
   -0.36724211
