    1.27310193
   -0.52681844
   -0.54975468
   -0.54070446
   -0.66153391
   -0.04125164
    0.05317411
    0.09458917
   -0.05250005
    0.11167336
    0.10398431
   -0.05209442
    0.10606907
    0.10775260
    0.01025663
   -0.04240818
    0.07847988
   -0.02731037
    0.07094057
    0.00591452
   -0.05081263
    0.06970362
   -0.03126129
    0.06900187
   -0.04843851
    0.10540177
    0.11667342
   -0.04901760
    0.11357273
    0.10236336
   -0.03399606
    0.07972632
    0.04705945
   -0.04121583
    0.05381995
    0.09357863
   -0.05157475
    0.10666696
    0.10563662
   -0.04877378
    0.10356088
    0.10692469
    0.01208871
   -0.04237851
    0.07731500
   -0.03196805
    0.07200518
    0.00557607
   -0.05004347
    0.06938262
   -0.02597312
    0.06628727
   -0.04940839
    0.10184437
    0.12267455
   -0.05018305
    0.11953149
    0.10014637
   -0.03386413
    0.07651063
    0.04807134
   -0.04290151
    0.05490089
    0.09703548
   -0.05355445
    0.11445444
    0.10412690
   -0.05022535
    0.11498726
    0.11255696
    0.00102805
    0.02475164
   -0.03129208
    0.06573590
   -0.03283444
    0.02735233
   -0.03326663
    0.03002683
   -0.05648274
    0.06232297
    0.00617525
   -0.01307900
    0.02377419
   -0.02730359
    0.05381547
   -0.02632052
    0.02854863
   -0.03378391
    0.04559184
   -0.05132532
    0.07598542
    0.01319508
   -0.04490798
    0.11707241
    0.09894240
   -0.04872609
    0.11629683
    0.10034388
   -0.03355018
    0.07694052
    0.04754131
   -0.15932773
   -0.02958730
    0.30102142
    0.28480011
   -0.03088173
    0.27088536
    0.29764886
   -0.02733262
    0.28786446
    0.28613834
   -0.03499832
    0.26535528
    0.30104129
   -0.02725401
    0.30056102
    0.28231938
   -0.04334907
    0.29831116
    0.26581455
   -0.15075429
