   -0.80054525
   -0.03994274
    0.08530576
    0.04356547
   -0.06122225
    0.14779287
    0.12158843
   -0.05282958
    0.09242632
    0.11778579
    0.00495361
   -0.04897430
    0.08286696
   -0.05280456
    0.10434456
    0.01762559
   -0.04028524
    0.04030983
   -0.04186546
    0.03624512
   -0.05849947
    0.10523577
    0.13625567
   -0.05133721
    0.11569857
    0.10350781
   -0.03895895
    0.08773313
    0.04350371
   -0.04026217
    0.08863127
    0.05210801
   -0.05540707
    0.12230442
    0.10144666
   -0.05034940
    0.10436798
    0.12435102
    0.01110018
   -0.05450777
    0.09391016
   -0.03934291
    0.08242413
    0.01310658
   -0.03357117
    0.02570743
   -0.03961795
    0.02580640
   -0.04504336
    0.08185713
    0.11751924
   -0.04541337
    0.12165864
    0.08943961
   -0.02918503
    0.07089934
    0.03917833
   -0.03555521
    0.08226078
    0.04888600
   -0.05420924
    0.12465973
    0.10216504
   -0.05746449
    0.10685772
    0.12948806
    0.01093347
   -0.04624038
    0.05860466
   -0.03134431
    0.03279549
    0.01616944
   -0.04660283
    0.06967267
   -0.04360344
    0.07120952
   -0.03588742
    0.08717198
    0.09294687
   -0.04166564
    0.10565957
    0.08727003
   -0.03510501
    0.07885980
    0.04450154
   -0.14688181
   -0.03187489
    0.27808849
    0.27398383
   -0.05370801
    0.31658336
    0.27619707
   -0.02356017
    0.30437332
    0.28541420
   -0.04666223
    0.31146352
    0.25394425
   -0.01425464
    0.30187176
    0.27501613
   -0.05543725
    0.31596096
    0.26755048
   -0.14309906
