   -0.49648499
   -0.49575735
   -0.49337508
   -0.49923842
   -0.49624477
   -0.49669841
   -0.16399471
   -0.00068774
    0.04716723
    0.03264705
    0.00164325
    0.04586637
    0.06771961
   -0.17779212
    0.21143373
    0.26457682
   -0.02124075
   -0.03827665
    0.06614144
   -0.02195806
    0.05830536
   -0.03292334
    0.05328668
   -0.02132373
    0.05912080
   -0.02047047
    0.26398874
   -0.17498662
    0.20645043
    0.00381710
    0.05000386
    0.06651317
    0.00088581
    0.05011399
    0.02862733
   -0.17002417
    0.00111042
    0.04985701
    0.02764686
    0.00251377
    0.04971508
    0.06976535
   -0.17295077
    0.20287643
    0.26467831
   -0.02015719
   -0.03550732
    0.06196527
   -0.02121749
    0.05849015
   -0.03269658
    0.05351813
   -0.02217582
    0.05726439
   -0.02053048
    0.26471293
   -0.17997935
    0.21662858
    0.00343023
    0.04495060
    0.06365225
   -0.00033181
    0.04794405
    0.03154820
   -0.00068374
    0.04803383
    0.03163899
    0.00154085
    0.04459391
    0.06766543
   -0.17642192
    0.21053323
    0.26462236
   -0.02113223
   -0.03731208
    0.06540240
   -0.02196273
    0.05788677
   -0.03291089
    0.05324119
   -0.02137673
    0.05888815
   -0.02019733
    0.26399397
   -0.17492832
    0.20756852
    0.00445867
    0.04909118
    0.06525105
    0.00127448
    0.05101701
    0.02721328
   -0.89054187
