   -0.34659287
   -0.35065258
   -0.35461082
   -0.35646988
   -0.35634898
   -0.35534458
   -0.35110799
   -0.34687662
   -0.15880660
    0.32683750
    0.29141386
    0.30195068
   -0.15743525
    0.32393045
    0.28607559
    0.31212653
   -0.16853515
    0.32029446
    0.29112611
    0.31574369
   -0.15993664
    0.32610482
    0.30310107
    0.29107504
    0.23973633
    0.05261719
   -0.00376790
    0.12144685
   -0.07611827
    0.03339197
    0.12041753
    0.24208532
    0.00055573
    0.05220499
    0.12128722
   -0.07725865
    0.03580359
    0.12115288
    0.24220641
    0.00059220
    0.11992073
   -0.07642074
    0.03363025
    0.12143670
    0.23980590
   -0.00322048
    0.05269135
    0.12093982
   -0.07501506
    0.03294278
    0.12106856
   -0.00067578
   -0.01528006
    0.05851269
   -0.00496548
   -0.06048787
    0.14239280
   -0.00247077
   -0.01162093
    0.04353137
   -0.00540382
   -0.06010877
    0.13119314
   -0.00646913
   -0.01104932
    0.04305631
   -0.00231435
   -0.05787273
    0.13793678
   -0.00523578
   -0.01504780
    0.05737854
   -0.00106807
   -0.05528507
    0.14525638
   -0.09474089
    0.11196492
    0.06690296
   -0.08777564
    0.05051010
    0.07245986
   -0.05054455
    0.14662378
    0.11953979
   -0.09108835
    0.10820951
    0.05391207
   -0.08094352
    0.04185330
    0.07010888
   -0.04167355
    0.11258662
    0.10022950
   -0.09277868
    0.05535687
    0.11131638
   -0.08065099
    0.04833631
    0.05433162
   -0.03898271
    0.11715781
    0.10323543
   -0.08955296
    0.06505264
    0.10669218
   -0.08696179
    0.07282206
    0.05002484
   -0.04878733
    0.14558649
    0.11978987
   -0.85755477
    0.05233469
