   -0.48124286
   -0.48335621
   -0.49870187
   -0.49850861
   -0.48316421
   -0.48124559
    0.10881016
   -0.04771376
    0.10071271
    0.10793370
   -0.08052912
    0.07384048
    0.07648672
   -0.00948532
    0.08430002
    0.07831409
   -0.16768031
    0.22078145
    0.26503351
    0.06680069
   -0.22880767
   -0.02244121
    0.05324508
   -0.00225977
    0.02917478
   -0.01908404
    0.05286579
    0.07592226
    0.26939591
   -0.15612702
    0.21590190
   -0.00922400
    0.07475512
    0.08667115
   -0.08244970
    0.07730821
    0.08264161
   -0.04672316
    0.10547609
    0.10588869
    0.10869137
   -0.03829220
    0.09205110
    0.09910553
   -0.07313884
    0.05701354
    0.08898214
    0.00513704
    0.06537023
    0.06507956
   -0.15691110
    0.20810863
    0.25923083
    0.06551780
   -0.23694972
   -0.03143762
    0.06517288
   -0.01414115
    0.05359816
   -0.03151062
    0.06516099
    0.06550415
    0.25925176
   -0.15727106
    0.20817877
    0.00537896
    0.06539168
    0.06465724
   -0.07248880
    0.08923468
    0.05618516
   -0.03830170
    0.09917761
    0.09200478
   -0.04713474
    0.10592206
    0.10580716
   -0.08246104
    0.08267912
    0.07731686
   -0.00931066
    0.07475633
    0.08680325
   -0.15621505
    0.21616665
    0.26934628
    0.07568520
   -0.22843521
   -0.01931208
    0.05263121
   -0.00236602
    0.02886021
   -0.02236256
    0.05309760
    0.06702326
    0.26526711
   -0.16753743
    0.22118759
   -0.00944232
    0.08433645
    0.07803280
   -0.08070459
    0.07446312
    0.07641027
   -0.04741289
    0.10059444
    0.10776318
   -0.11554731
    0.11005628
    0.11887360
    0.10793525
   -0.11552541
    0.11876442
    0.10796069
    0.10994462
   -0.94017518
