    1.02045509
    1.02205697
    1.00657923
   -0.54764930
   -0.56415846
   -0.32761994
   -0.36725172
   -0.55140804
   -0.56384529
   -0.36006444
   -0.34017904
   -0.34445116
   -0.56100661
   -0.55661961
   -0.35404943
   -0.10659152
   -0.09872277
   -0.10774551
   -0.06941688
   -0.00971601
    0.28549436
    0.28195772
   -0.01123148
   -0.06750402
   -0.13899195
    0.10737939
    0.11496200
   -0.13265717
    0.04680626
    0.07962123
    0.09113889
   -0.00856905
    0.28291365
    0.28568619
   -0.01244028
    0.03581187
    0.09971956
   -0.07171737
    0.05633400
    0.05809886
   -0.07180372
    0.05634533
    0.06791453
    0.03438245
    0.09779402
    0.03498262
    0.09646711
    0.28152873
   -0.00748632
   -0.01128126
   -0.06295495
   -0.13581326
    0.11211566
    0.10691917
   -0.13646816
    0.08558714
    0.04978647
    0.09247549
    0.28126247
   -0.07074681
    0.06126135
    0.05464531
   -0.07162761
    0.05777343
    0.06682710
   -0.07131633
    0.05561679
    0.06733990
   -0.07281936
    0.05360285
    0.06710639
   -0.13820974
    0.11158598
    0.11615134
   -0.13988495
    0.10123798
    0.04747019
    0.08768914
    1.00031311
    1.00517927
    1.00597958
   -0.55603128
   -0.57043328
   -0.36461483
   -0.40479651
   -0.55874352
   -0.57845411
   -0.37987116
   -0.36018957
   -0.35155220
   -0.56421245
   -0.55324216
   -0.36481392
   -0.10763707
   -0.10468775
   -0.09830708
   -0.06532879
   -0.01164269
    0.28240046
    0.28749731
    0.01762145
   -0.06630224
   -0.13438909
    0.10386448
    0.10814609
   -0.13016246
    0.04629975
    0.07707120
    0.08935337
   -0.01156585
    0.27848158
    0.28036554
   -0.02397389
    0.03707073
    0.09784406
   -0.07071837
    0.05427881
    0.05570668
   -0.07166301
    0.05598056
    0.06671080
    0.04178913
    0.08646620
    0.03971221
    0.08903786
    0.28745017
    0.00731482
    0.00148090
   -0.06016748
   -0.13398552
    0.10955239
    0.10370781
   -0.13626860
    0.08750345
    0.04867564
    0.09176713
    0.28602507
   -0.07017272
    0.05906493
    0.05204197
   -0.06986883
    0.05555494
    0.06590879
   -0.06931210
    0.05292886
    0.06453894
   -0.07022384
    0.04545396
    0.06276608
   -0.13594373
    0.10897981
    0.11006944
   -0.13440759
    0.09698897
    0.04607365
    0.08160640
   -0.70580534
