   -0.34289316
   -0.34274394
   -0.34097017
   -0.34333239
   -0.34617107
   -0.34532464
   -0.34066800
   -0.33956132
   -0.13235938
    0.22601454
   -0.25681208
    0.25390026
    0.24983821
   -0.27189992
    0.25975187
    0.25574068
   -0.13310700
    0.22138977
   -0.25421032
    0.24554204
    0.26355230
   -0.26112016
    0.24353632
    0.26851163
   -0.13966032
    0.23133686
   -0.24557492
    0.24530541
    0.26893478
   -0.27316820
    0.26122486
    0.24749545
   -0.13379181
    0.22926628
   -0.25725738
    0.25495250
    0.25674402
   -0.26823180
    0.25305171
    0.25596422
    0.12281378
   -0.07778157
    0.05080904
    0.12277082
    0.22993173
    0.00866749
    0.06649706
    0.12343580
   -0.07698778
    0.05235668
    0.12331627
    0.23056227
    0.06634519
    0.01079127
    0.12274284
   -0.07836153
    0.05219849
    0.12280339
    0.22984163
    0.06698731
    0.00961718
    0.12345258
   -0.07688497
    0.05313384
    0.12368250
    0.22957434
    0.00808750
    0.06684610
   -0.00493984
   -0.05837973
    0.10976322
   -0.00560890
   -0.01972084
    0.06756591
   -0.00214917
   -0.05538584
    0.11122681
   -0.00324480
   -0.01859287
    0.06183429
   -0.00641593
   -0.05698902
    0.10422878
   -0.00592074
   -0.01797995
    0.06437656
   -0.00300926
   -0.05775182
    0.11845724
   -0.00184473
   -0.01924378
    0.06698713
   -0.08768605
    0.07875721
    0.06760247
   -0.08293380
    0.05644292
    0.05586477
   -0.03813311
    0.09225958
    0.09873189
    0.24037527
   -0.08171632
    0.05602398
   -0.08138115
    0.07189893
    0.04962277
   -0.02730826
    0.08254337
    0.07995996
    0.23900233
   -0.08188642
    0.07552064
    0.05400508
   -0.08178771
    0.07300627
    0.05091527
   -0.02908150
    0.09563498
    0.06992483
    0.23742001
   -0.08883000
    0.06578348
    0.08104753
   -0.08321964
    0.05422752
    0.05653540
   -0.03510669
    0.09308714
    0.09459766
    0.23934841
    0.07728404
    1.21753111
   -0.36220265
   -0.37315202
   -0.36754160
   -0.36033172
   -0.37937509
   -0.36098878
