   -0.94963459
   -0.24973534
   -0.44698056
   -0.41409690
   -0.42089139
   -0.26703632
   -0.43123408
    0.09964686
   -0.13374750
   -0.18824440
   -0.26045472
   -0.18871177
   -0.13219569
    0.09495197
    0.10131651
   -0.13610714
   -0.20572859
   -0.16941659
   -0.16254501
   -0.20036012
   -0.14146275
    0.10004252
    0.09465074
   -0.13668061
   -0.19076169
   -0.25553651
   -0.19261977
   -0.13954721
    0.10148105
    0.05307043
    0.03702295
   -0.02232433
   -0.02257858
   -0.03304661
    0.03620952
   -0.03967550
   -0.01838869
    0.05277335
   -0.02066870
   -0.02939784
   -0.03073517
   -0.02715409
   -0.01854164
    0.35548407
    0.06500722
    0.07851199
   -0.04311853
   -0.02006300
    0.04063098
   -0.02557324
   -0.02680960
   -0.02868157
   -0.02976265
   -0.02873894
   -0.00983848
    0.04808252
    0.09322279
   -0.04398354
   -0.01384477
   -0.04577752
    0.09306549
    0.05028261
   -0.00276123
    0.05838700
   -0.04879720
    0.05574401
   -0.04137782
   -0.02130474
   -0.03774695
    0.07801344
   -0.01816201
    0.05466657
   -0.02430101
   -0.03897600
   -0.02483535
    0.07896864
   -0.06755639
    0.08023932
    0.27675418
    0.05263114
    0.27697609
    0.05387500
   -0.30627561
    0.05576353
   -0.01843295
    0.05426029
   -0.05004450
    0.05728804
   -0.03826115
   -0.02464089
   -0.04184688
    0.08266361
   -0.00093800
    0.05166733
    0.09278216
   -0.04536836
   -0.01372914
   -0.04386045
    0.09182819
    0.04659358
   -0.00993858
    0.05473392
    0.03519939
   -0.02659310
   -0.02127216
   -0.02555172
    0.03948611
   -0.04459030
   -0.02385553
    0.03931757
   -0.02282181
   -0.02677920
   -0.02794523
   -0.02955201
   -0.02882678
    0.35356858
    0.07778923
    0.07998270
   -0.03514858
   -0.02587223
    0.04513584
   -0.02243741
   -0.02819105
   -0.03163415
   -0.03179085
   -0.02636236
    0.04841388
    0.07546762
    0.02329013
    0.03022617
    0.03812581
    0.02734633
    0.02864794
    0.07259547
    0.08973023
   -0.32195568
    0.03674770
    0.05023013
    0.04212344
    0.03849009
    0.04111024
    0.04210768
    0.04083001
    0.05546316
    0.05619777
    0.05044231
    0.05218316
    0.05361532
    0.05533666
    0.08613752
    0.08355654
    0.05766477
    0.04917785
    0.09273090
    0.07729582
    0.05960663
    0.05874329
    0.08192202
    0.08612702
    0.05886890
    0.04754401
    0.04857803
    0.05209539
    0.06878411
    0.07174890
    0.05357992
    0.03649670
    0.04109359
    0.04418250
    0.04422351
    0.04143332
    0.06162382
    0.07668029
   -0.31935459
    0.03737002
    0.04232698
    0.02844758
    0.03107802
    0.04528453
    0.04026993
    0.02393707
    0.22109773
    0.21730400
    0.07562732
    0.04991845
    0.04159758
    0.07982230
    0.04001929
   -0.32439687
    0.04384489
    0.07839678
    0.03894574
    0.07975319
    0.04002722
    0.03721929
    0.03797822
   -0.32525579
    0.03055346
    0.03830935
    0.03949032
    0.07304627
   -0.30734976
    0.04437981
    0.07657865
    0.05439703
    0.04427064
    0.07996062
    0.04376035
    0.04157088
    0.03947396
   -0.32382488
    0.07790798
    0.03950206
    0.03915545
    0.07859536
    0.03918425
   -0.32617641
    0.03905960
    0.02973865
    0.03955523
    0.07207953
    0.04013645
    0.04666877
    0.04849220
    0.04239554
    0.07945516
    0.04310068
    0.04147651
    0.04194413
   -0.32468360
    0.07766218
    0.03982339
    0.04018296
    0.07867292
    0.03882416
   -0.32602991
    0.03902786
    0.03005087
    0.03935165
    0.07245441
    0.03949055
    0.07655963
    0.04160359
    0.04785245
    0.07768754
    0.04012623
   -0.32490527
    0.04512009
    0.07773847
    0.03858530
    0.07855179
    0.04096007
    0.03807952
    0.03955707
   -0.32625213
    0.03024029
    0.03866001
    0.03946010
    0.07178304
