   -0.27464915
   -0.27462727
   -0.28603760
   -0.28502720
   -0.27204514
   -0.27269132
   -0.28420698
   -0.28384943
   -0.34443212
   -0.34443399
   -0.35086428
   -0.35618002
   -0.34835405
   -0.33769862
   -0.33291460
   -0.33857964
    0.14452992
   -0.07315783
    0.03539548
    0.14512641
   -0.06973564
    0.02451753
   -0.06559186
   -0.06960229
    0.14438503
   -0.08761444
    0.14708972
   -0.07562255
    0.05538604
   -0.00783648
   -0.07260745
    0.06108840
    0.14446358
   -0.06663927
    0.05205073
    0.14333097
   -0.06582665
    0.02267780
   -0.06572568
   -0.06561338
    0.14797860
   -0.08763612
    0.14318125
   -0.07107950
    0.05097411
   -0.00876977
   -0.07570168
    0.14513305
   -0.07435938
    0.03581426
    0.14389559
   -0.07041689
    0.02344474
   -0.06311339
   -0.07070200
    0.14406542
   -0.08874649
    0.14710323
   -0.07432708
    0.04995696
   -0.01019430
   -0.07176358
    0.05113721
    0.14382146
   -0.06673021
    0.05653922
    0.14487526
   -0.06472945
    0.02194593
   -0.06123679
   -0.06456241
    0.14657811
   -0.08780498
    0.14484668
   -0.07230746
    0.06319450
   -0.00894611
   -0.07381067
    0.04658623
    0.26655159
    0.01519146
    0.12828586
   -0.06274170
    0.02214421
    0.12761301
   -0.00409470
   -0.05975951
    0.13041671
   -0.00457167
    0.26634487
    0.02323245
    0.12510473
   -0.07040091
    0.02076595
    0.12477021
   -0.00430556
   -0.05788511
    0.12333712
   -0.00579490
    0.26449176
    0.12551107
   -0.06417042
    0.03141300
    0.12871135
   -0.00305127
   -0.05790443
    0.13028575
   -0.00153681
    0.26420816
    0.01169137
    0.12508597
   -0.06992446
    0.02626975
    0.12483058
   -0.00217055
   -0.05608172
    0.13033345
   -0.00115017
   -0.01985771
    0.06365445
   -0.01773423
    0.05248264
   -0.02199548
    0.06337760
   -0.02315117
    0.07383765
   -0.08989406
    0.07081585
    0.09694436
   -0.07985104
    0.05261109
    0.08117711
   -0.06385927
    0.18619547
   -0.09156737
    0.09765070
    0.07838634
   -0.08095673
    0.07538429
    0.05941886
   -0.06688242
    0.18728280
   -0.08846246
    0.10081056
    0.06184841
   -0.07914408
    0.05600776
    0.07110972
   -0.06191537
    0.18533574
   -0.08737990
    0.06002369
    0.09527169
   -0.09370195
    0.09749354
    0.09374642
   -0.05254186
    0.18152428
    0.06937862
    0.06772225
    0.06510033
    0.09367901
    0.09021707
    0.09167515
    0.09496025
    0.09451648
    0.09678909
    0.09734753
    0.09487478
    0.18695146
    0.18687479
    0.18826056
    0.18744014
    0.01706836
    0.06745736
    0.05948534
   -0.12729129
   -0.11906127
    0.09928189
    0.10895752
    0.11131250
    0.11817745
    0.11606066
    0.11039103
   -0.11994466
    0.11393121
    0.10929113
    0.09975741
    0.12802155
    0.12527506
   -0.12570408
   -0.12035209
    0.11311755
    0.10531309
    0.10366500
    0.11409856
    0.10653040
    0.11507490
    0.12692838
    0.12820558
   -0.11984235
    0.11163042
    0.10337817
    0.10519668
   -0.13099433
   -0.12008816
    0.09673452
    0.11409727
    0.10625992
    0.12275127
    0.10767941
    0.12180649
    0.13284108
    0.13478180
   -0.12061397
    0.11567833
    0.09735296
    0.10639472
   -0.12030463
   -0.12471779
    0.11186798
    0.10468881
    0.10805777
    0.11203986
    0.11296389
    0.10911581
    0.12232001
    0.12383468
   -0.11967743
    0.10436850
    0.11014061
    0.10793699
    0.10130064
    0.12800517
   -0.11932469
   -0.13297135
    0.09442792
    0.11028107
    0.09646414
    0.12840083
    0.10445708
    0.12082446
   -0.12761119
    0.09761848
    0.09908816
    0.12453130
   -0.12257833
   -0.13055885
   -0.12893092
   -0.13710513
    0.10320870
    0.12714964
    0.09626222
    0.13039686
    0.10235103
    0.11746302
    0.10347608
    0.13576142
   -0.11518279
    0.09279813
    0.09707020
    0.10419995
    0.09477621
    0.12296591
    0.10300128
    0.11192016
    0.10991325
    0.12962882
   -0.11975978
    0.09290761
    0.10377933
    0.10866094
    0.08784275
    0.08768002
   -0.12901420
   -0.13034175
    0.11432033
    0.09608442
    0.12341067
    0.10856016
    0.12237649
    0.09342561
   -0.12017585
    0.10855442
    0.09064275
    0.10572426
    0.12698887
    0.11064147
   -0.96085534
