    0.24005414
    0.09151123
    0.10095288
    0.10541737
    0.09013726
    0.07142067
   -0.49133610
   -0.49144530
   -0.35069458
   -0.35004137
   -0.48375355
    0.23246095
    0.08280925
    0.10189019
    0.10837234
    0.09273713
    0.07759066
   -0.46294894
   -0.49706552
   -0.35640847
   -0.34841666
   -0.46994465
    0.23544081
    0.08559967
    0.10692549
    0.09819565
    0.10027660
    0.06747117
   -0.45650787
   -0.48359351
   -0.34894841
   -0.34872185
   -0.50829916
    0.22832012
    0.09911735
    0.11278342
    0.09696525
    0.09251525
    0.07923927
   -0.48843669
   -0.47033641
   -0.35862136
   -0.34422657
   -0.47027679
    0.23576965
    0.08908915
    0.10444197
    0.10025852
    0.09320695
    0.07355912
   -0.49112714
   -0.48400214
   -0.35272136
   -0.35057927
   -0.47077903
    0.23447460
    0.08473181
    0.10411703
    0.09723591
    0.08569003
    0.06772643
   -0.45556683
   -0.48107623
   -0.34685599
   -0.35074078
   -0.48846669
    0.06615728
    0.04440464
    0.04441152
    0.05682818
    0.04444940
    0.05897524
    0.04387540
    0.38471234
    0.37506933
    0.36769333
    0.06533604
    0.06909756
    0.03203959
    0.05491604
    0.04491361
    0.02754440
    0.07304574
    0.34270893
    0.37836471
    0.06338802
    0.06990571
    0.04370223
    0.05846275
    0.03330061
    0.05301756
    0.05552867
    0.34002592
    0.36821019
    0.38849253
    0.06352058
    0.04991252
    0.02951790
    0.04769220
    0.04092745
    0.38789560
    0.34773950
    0.05977270
    0.04883714
    0.06252626
    0.05363742
    0.04229579
    0.07594573
    0.03286787
    0.39023150
    0.36658936
    0.33557073
    0.06527024
    0.07221388
    0.05064715
    0.05372760
    0.04870138
    0.05021956
    0.06574414
    0.33812765
    0.36443848
    0.36909000
   -0.48473664
   -0.46019837
    0.82384163
   -0.46178005
   -0.47317386
    0.03349005
    0.05544568
    0.35422406
    0.33408366
