   -0.97130437
   -0.05032527
   -0.05533691
   -0.05034186
    0.00672443
   -0.06134711
    0.14356460
   -0.07137652
    0.00513565
    0.05227671
   -0.04587245
    0.02591817
   -0.05047323
    0.05231149
    0.00513476
   -0.07146625
    0.14355450
   -0.06131203
    0.00671525
   -0.14012978
   -0.19343149
    0.05049088
   -0.01731970
    0.08819657
   -0.19365413
   -0.14127796
    0.08851854
   -0.01716966
    0.05062927
    0.03056524
    0.05111808
    0.03059834
    0.06917113
    0.05578971
    0.07673610
    0.08375844
    0.05600676
    0.06901156
    0.04497184
    0.04507481
    0.05074360
    0.05094172
   -0.01694782
    0.04501657
   -0.01702446
    0.04484769
    0.08827520
    0.08784199
   -0.13897904
   -0.19116047
   -0.14024597
   -0.19144677
    0.05235905
   -0.05055590
   -0.04600157
   -0.05546351
    0.05242059
    0.02594433
    0.07688995
    0.05052819
    0.08385361
    0.02736017
    0.02737286
   -0.12235023
    0.04393793
    0.04392696
    0.05478048
   -0.11880073
    0.04438120
    0.05672919
    0.03901512
   -0.11872518
    0.04428640
    0.03921021
    0.05674713
   -0.11880092
    0.05679161
    0.04421824
    0.03912800
   -0.12232879
    0.05484513
    0.04381354
    0.04398406
   -0.11864129
    0.05685783
    0.03904923
    0.04432694
   -0.27849961
   -0.27854982
    0.07283543
    0.05221347
    0.07697705
    0.05234789
    0.07293225
    0.07710144
    0.05192317
    0.05243322
    0.04487054
   -0.32509626
    0.04488820
    0.07577999
    0.04430079
    0.07628400
    0.04431169
    0.04293411
    0.04298189
   -0.32713047
    0.07592478
    0.04098944
    0.04096859
    0.07735650
    0.03936333
   -0.32754152
    0.03933838
    0.02499489
    0.04022191
    0.07680272
    0.04021977
    0.04519103
   -0.32507132
    0.04447460
    0.07571776
    0.04417920
    0.07634180
    0.04443098
    0.04292214
    0.04294334
   -0.32695252
    0.07593563
    0.04098539
    0.04093823
    0.07732216
    0.03952512
   -0.32758760
    0.03916113
    0.02498027
    0.04026129
    0.07677839
    0.04025901
