   -0.47235258
   -0.47235862
    0.13024704
   -0.12118932
   -0.12364982
   -0.05367650
    0.10364189
    0.11270283
   -0.01186376
    0.08806427
    0.09909641
   -0.17014463
    0.22465805
    0.26146451
    0.06456805
   -0.24250003
   -0.03038867
    0.07261613
   -0.01312509
    0.06176944
   -0.03040661
    0.07259145
    0.06455641
    0.26146140
   -0.17018073
    0.22468939
   -0.01190107
    0.09907391
    0.08827537
   -0.05365311
    0.10347055
    0.11273192
   -0.47111785
   -0.47146517
    0.13016161
   -0.12376495
   -0.12104848
   -0.04974842
    0.10193614
    0.11969791
   -0.00920674
    0.07888557
    0.08910044
   -0.17058978
    0.22684459
    0.26139139
    0.06473976
   -0.23910777
   -0.02923793
    0.07337561
   -0.01219078
    0.06259603
   -0.02930171
    0.07350120
    0.06479580
    0.26131773
   -0.17024299
    0.22691566
   -0.00938008
    0.08967420
    0.07910303
   -0.04974309
    0.10133801
    0.11983103
    1.07700808
    0.11909939
    0.11834217
    0.10648350
    0.11814228
    0.11302593
    0.12069985
    0.11799394
    0.12070893
    0.11296719
    0.11902825
    0.10656090
    0.11858509
   -0.50331567
   -0.50407894
   -0.50389185
   -0.49470750
