    1.01923284
    1.02155384
    1.01954429
   -0.54314712
   -0.56222176
   -0.33647789
   -0.35215950
   -0.55999756
   -0.55128232
   -0.35990628
   -0.34378333
   -0.34281079
   -0.56100443
   -0.55155177
   -0.35330630
   -0.10530041
   -0.10001967
   -0.10327106
   -0.07090837
   -0.00640321
    0.28220302
    0.28239122
   -0.00275061
   -0.06938167
   -0.14194062
    0.12061421
    0.10820072
   -0.13339556
    0.08195492
    0.03348593
    0.09643731
   -0.00712795
    0.28071073
    0.28183747
   -0.00903914
    0.03246249
    0.10284666
   -0.07277119
    0.06101103
    0.05843323
   -0.07333276
    0.05854221
    0.07120104
    0.03377200
    0.09760054
    0.03338818
    0.09850119
    0.28228911
   -0.00293894
   -0.00841125
   -0.07026308
   -0.13869135
    0.11924677
    0.10655733
   -0.14097715
    0.08923849
    0.04621077
    0.09764875
    0.28119678
   -0.07254470
    0.06325607
    0.05561821
   -0.07267459
    0.05831128
    0.07018033
   -0.07264056
    0.05765481
    0.07047711
   -0.07342490
    0.05611228
    0.06511314
   -0.14173507
    0.10858307
    0.12118690
   -0.13656174
    0.09814894
    0.03570317
    0.08749379
    1.02091478
    1.02198788
    1.02038248
   -0.54653701
   -0.56368160
   -0.33444174
   -0.35815760
   -0.54762775
   -0.56329832
   -0.34274777
   -0.35325316
   -0.33394881
   -0.56158269
   -0.55398449
   -0.35679549
   -0.10678345
   -0.10332004
   -0.10614878
   -0.07025690
   -0.00742153
    0.28133044
    0.28107606
   -0.00602461
   -0.06795614
   -0.14108522
    0.10417177
    0.12042283
   -0.13531519
    0.03658565
    0.08562413
    0.09500214
   -0.00442668
    0.28189300
    0.28138651
   -0.00873873
    0.03301538
    0.10171154
   -0.07296545
    0.06102729
    0.05764979
   -0.07320156
    0.05829272
    0.07107031
    0.03380385
    0.09902236
    0.03322414
    0.09997205
    0.28071956
   -0.00630060
   -0.00961289
   -0.06791342
   -0.13958872
    0.11888192
    0.10805505
   -0.14017303
    0.08436272
    0.04696207
    0.09589259
    0.27934537
   -0.07248841
    0.06220976
    0.05749552
   -0.07308801
    0.05865761
    0.07075725
   -0.07277932
    0.05772260
    0.07068785
   -0.07314976
    0.05603989
    0.06376335
   -0.13971082
    0.10465712
    0.12032563
   -0.14006890
    0.09660336
    0.04641055
    0.08784664
    0.74128364
   -0.43903444
   -0.42832080
   -0.43732748
   -0.43098745
