   -0.24674024
   -0.24407132
   -0.25262599
   -0.25229759
   -0.24224095
   -0.24525335
   -0.25230205
   -0.25253689
   -0.32931692
   -0.33307977
   -0.33027795
   -0.32739598
   -0.33058516
   -0.33565116
   -0.33249114
   -0.32752966
    0.15277832
   -0.07834218
    0.04299481
    0.15140330
   -0.06785087
   -0.02136345
    0.37009307
   -0.05407095
    0.14515046
   -0.08422685
    0.14878150
   -0.06869886
    0.03459596
   -0.00807533
   -0.06777693
    0.06984645
    0.14900300
   -0.06408682
    0.08773604
    0.14801434
   -0.05834893
   -0.02412773
    0.37134456
   -0.04586422
    0.14902252
   -0.08523109
    0.14544464
   -0.06748122
    0.06453137
   -0.00849035
   -0.07065563
    0.15082875
   -0.07771536
    0.04356356
    0.15205249
   -0.05373859
   -0.02132757
    0.37050516
   -0.06697158
    0.14628914
   -0.08463196
    0.14912812
   -0.07081687
    0.03640046
   -0.00770012
   -0.06721638
    0.06577860
    0.14828612
   -0.06392785
    0.08802646
    0.14898408
   -0.04571900
   -0.02396960
    0.37131295
   -0.05838561
    0.14892130
   -0.08378851
    0.14580157
   -0.06711969
    0.06911876
   -0.00820979
   -0.06881695
    0.03544368
    0.26987134
   -0.01293842
    0.12384283
   -0.06778281
    0.04459674
    0.12302395
   -0.00813449
   -0.05355698
    0.09555678
   -0.01013432
    0.26897367
   -0.01470002
    0.12303372
   -0.07551856
    0.05606009
    0.12394388
   -0.00720371
   -0.05116655
    0.09101884
   -0.00810806
    0.27120402
    0.12223505
   -0.06761097
    0.04255440
    0.12339757
   -0.00922908
   -0.05556669
    0.10058152
   -0.00848843
    0.26933515
   -0.01374960
    0.12268871
   -0.07622685
    0.05788801
    0.12227999
   -0.00889537
   -0.04990459
    0.09351715
   -0.00776430
   -0.01508777
    0.07279252
   -0.01613861
    0.07674780
   -0.01421005
    0.06781026
   -0.01628971
    0.07249477
   -0.06395833
    0.06627079
    0.06917897
   -0.09867974
    0.08507712
    0.08081088
    0.37142134
   -0.47875323
   -0.40959122
   -0.07082453
    0.07484794
    0.07590844
   -0.09468031
    0.07570573
    0.09026660
    0.37389655
   -0.49877033
   -0.39425939
   -0.06348159
    0.06497861
    0.07428923
   -0.09974697
    0.08413373
    0.07327775
    0.37284101
   -0.48166234
   -0.40808572
   -0.07155788
    0.07337060
    0.07444715
   -0.10664779
    0.08670964
    0.11821614
    0.37059238
   -0.48576734
   -0.42085051
    0.41656598
    0.42278097
    0.41924877
    0.42058063
    0.10721263
    0.10488061
    0.10585417
   -0.45163490
    0.08309100
    0.09332391
    0.09001091
    0.09787844
    0.09270635
    0.08369948
    0.09805927
    0.09011652
   -0.45378810
   -0.45071577
   -0.45279600
   -0.39637887
    0.41581917
   -0.40054974
    0.41163223
   -0.39670630
    0.41610773
   -0.40112444
    0.40960877
   -0.01653069
    0.10907336
    0.03523183
   -0.35566471
   -0.34929710
   -0.35758034
    1.10745051
   -0.35386160
   -0.34909207
   -0.34321740
