   -0.50466672
   -0.50786133
   -0.49700044
   -0.50839307
   -0.50506997
   -0.49967905
   -0.15844455
   -0.15215798
   -0.13804359
   -0.13868141
   -0.15276056
   -0.15317287
   -0.14335574
   -0.14543116
   -0.15534006
   -0.15583560
   -0.15421222
   -0.14559852
    0.32838579
    0.32337167
    0.12098684
    0.04018971
    0.12169568
    0.03690635
    0.32719897
    0.32556829
    0.12496463
    0.02768147
    0.12010862
    0.03676582
    0.32731336
    0.33052283
    0.12180303
    0.04097755
    0.12627837
    0.03111581
   -0.01036486
    0.09350558
    0.08868867
    0.01939561
   -0.03355633
    0.01244982
   -0.02047010
    0.03371124
   -0.02512562
    0.37081655
   -0.01939314
    0.07099578
   -0.03414376
    0.08013039
   -0.01319468
    0.08232953
    0.10955825
    0.01614446
   -0.03759685
    0.06452818
   -0.01998434
    0.06011179
   -0.03149990
    0.36577053
   -0.03348209
    0.07094735
   -0.03170582
    0.05233092
    0.00171834
    0.07478649
    0.09271912
    0.01505631
   -0.03161928
    0.03532049
   -0.02291275
    0.06358974
   -0.02687058
    0.37316907
   -0.02604484
    0.07302067
   -0.03703008
    0.06265926
   -0.00593698
    0.09129239
    0.07386685
    0.01924480
   -0.02945660
    0.05375218
   -0.03215441
    0.07275264
   -0.02994426
    0.36614519
   -0.02007545
    0.06637744
   -0.03610879
    0.06526875
   -0.01343237
    0.09433235
    0.10792362
    0.01488444
   -0.03977438
    0.07885798
   -0.02721308
    0.07755254
   -0.03253547
    0.36812512
   -0.02149295
    0.04263564
   -0.03091012
    0.01476241
   -0.00609396
    0.07560543
    0.09920638
    0.01796345
   -0.03710658
    0.06716891
   -0.03299312
    0.07472438
   -0.03051407
    0.36601468
   -0.01927632
    0.06316695
   -0.02846565
    0.04765890
    0.06812680
    0.10671869
    0.11303206
    0.06849285
    0.09640453
    0.10620885
    0.06829867
    0.10315022
    0.10839854
   -0.49585554
   -0.50656367
   -0.49626641
   -0.50775047
   -0.49850857
   -0.50015764
   -0.16591076
   -0.15020919
   -0.14955731
   -0.14561973
   -0.15576574
   -0.15205734
   -0.14561550
   -0.13808709
   -0.15515545
   -0.15587702
   -0.15105977
   -0.15059964
    0.32766894
    0.32577121
    0.12380099
    0.04004738
    0.12645581
    0.02807152
    0.32742808
    0.32771108
    0.12139002
    0.03543668
    0.12178066
    0.03618846
    0.32717089
    0.33178071
    0.12607673
    0.03157800
    0.12894680
    0.02910834
   -0.00746890
    0.09142481
    0.09777343
    0.01963615
   -0.02923836
    0.01035734
   -0.01893136
    0.02716976
   -0.03202647
    0.36513419
   -0.02326314
    0.08192133
   -0.02840408
    0.08136804
   -0.00804444
    0.08488755
    0.09909573
    0.01516178
   -0.04144773
    0.07189484
   -0.02186894
    0.07734389
   -0.01718936
    0.37043077
   -0.02279723
    0.05932186
   -0.03185587
    0.03101829
   -0.00036297
    0.06085586
    0.09267417
    0.01604125
   -0.03093957
    0.06137746
   -0.03309591
    0.07643768
   -0.03045782
    0.36524277
   -0.01830048
    0.05747581
   -0.03637578
    0.06452064
   -0.00245992
    0.08815605
    0.07594834
    0.01793701
   -0.02922516
    0.04312085
   -0.03305580
    0.07335510
   -0.03062501
    0.36600564
   -0.01988343
    0.07094924
   -0.03614413
    0.06643792
   -0.01066472
    0.09403787
    0.10471559
    0.01834701
   -0.04068373
    0.08207921
   -0.02994037
    0.08049318
   -0.02828886
    0.36755373
   -0.02016504
    0.04109433
   -0.02864723
    0.00874407
    0.00623603
    0.07656028
    0.07211744
    0.02430458
   -0.03323425
    0.05813133
   -0.02064790
   -0.02184222
   -0.02464948
   -0.03269099
    0.04070430
    0.07196287
    0.10263293
    0.10251671
    0.06773165
    0.10267994
    0.10160553
    0.06677887
    0.10811672
    0.10859326
   -0.39543937
    0.07078591
    0.08027826
    0.36331774
   -0.41570251
   -0.49470355
    0.41933158
   -0.49523395
    0.40952358
   -0.46969607
   -0.39943154
    0.39985284
   -0.47292299
   -0.39271648
    0.40277934
   -0.46008078
   -0.47355608
   -0.46563319
   -0.46219349
   -0.47766639
   -0.46396565
   -0.46820853
   -0.46698417
   -0.40850315
    0.40881678
   -0.41199034
    0.40612536
   -0.41168411
    0.40665454
   -0.40069306
    0.40426862
   -0.40911819
    0.41194011
   -0.41204095
    0.40571378
   -0.38311433
    0.39338325
   -0.40060802
    0.39236106
   -0.98155676
