   -0.49654843
   -0.48164104
   -0.49209134
   -0.48309864
   -0.50072969
   -0.49018271
   -0.16002044
   -0.15235957
   -0.16288104
   -0.14421400
   -0.15330647
   -0.14896816
   -0.15223469
   -0.14317177
   -0.14588403
   -0.15454778
   -0.13821645
   -0.14700891
    0.32659583
    0.32571326
    0.11934001
    0.05173322
    0.11962274
    0.04440380
    0.32448770
    0.31959634
    0.11562450
    0.05336586
    0.11559498
    0.05048470
    0.32593257
    0.32067483
    0.11682383
    0.04775570
    0.11704846
    0.05093937
    0.00196210
    0.04870583
    0.07582728
    0.06564216
    0.06174553
    0.11928845
    0.10255195
    0.06933128
    0.09989361
    0.10190329
    0.07958701
    0.09576019
    0.09134443
   -0.01665718
    0.08233656
    0.06616869
    0.09280508
   -0.00254749
    0.06792768
    0.06087534
    0.06905276
   -0.00524101
    0.07911939
    0.08743051
    0.08498142
   -0.00488562
    0.07397465
    0.08845685
    0.07073007
   -0.00419702
    0.08280223
    0.08755368
    0.08113433
   -0.49970032
   -0.47658919
   -0.49536196
   -0.48483460
   -0.50378998
   -0.48654533
   -0.15289771
   -0.14914543
   -0.15445443
   -0.14182681
   -0.15130953
   -0.14860544
   -0.15029542
   -0.14654393
   -0.14338848
   -0.15773352
   -0.13817448
   -0.15481737
    0.32687159
    0.32243658
    0.11881499
    0.04797464
    0.11471920
    0.05109388
    0.32477489
    0.31859156
    0.11510610
    0.05218214
    0.11581996
    0.04685348
    0.32846876
    0.32711056
    0.11534145
    0.04976785
    0.11966137
    0.04199116
   -0.00736488
    0.06616817
    0.07222077
    0.07356303
    0.06346663
    0.12190022
    0.09489440
    0.06846104
    0.10021516
    0.10003679
    0.07206843
    0.09829768
    0.10219433
   -0.01077146
    0.08538130
    0.07710623
    0.09408964
   -0.00916704
    0.06866524
    0.07623188
    0.07033941
   -0.01008288
    0.07057569
    0.07570549
    0.07827183
   -0.00369646
    0.07196317
    0.08568626
    0.06495222
   -0.00417532
    0.08851730
    0.05166994
    0.06465397
    0.04827331
    0.05534842
   -0.33445273
    0.07751592
    0.04598653
    0.04293698
    0.07994482
    0.03954244
   -0.33142032
    0.03840518
    0.07985485
    0.04387999
    0.08006217
    0.03640820
    0.04090775
    0.04111152
   -0.33180639
    0.03107046
    0.04114344
    0.04150379
    0.07170979
    0.04291385
   -0.32682760
    0.02712324
    0.07885718
    0.04159048
    0.08069818
    0.04092382
    0.03961376
    0.04338272
   -0.33417998
    0.07348457
    0.03884689
    0.05488481
    0.08010078
    0.03763667
   -0.32873558
    0.03777777
    0.03223184
    0.03894440
    0.07002068
    0.03859633
   -0.32236122
    0.08086658
    0.03230108
    0.07033320
    0.03926755
    0.05461680
    0.07812972
    0.04499787
   -0.33387766
    0.04263799
    0.07883278
    0.04180831
    0.08095679
    0.03954644
    0.03879839
    0.03600913
   -0.33070729
    0.03316370
    0.03972561
    0.03746263
    0.07505549
    0.07641266
   -0.31969687
    0.03118226
    0.07718865
    0.03654512
    0.07359367
    0.04038027
    0.04420903
    0.06032256
   -0.33955715
    0.07903719
    0.04205093
    0.04419545
    0.08011677
    0.03775756
   -0.33003040
    0.04024034
    0.03260673
    0.03848762
    0.06981234
    0.04005871
    0.08105097
    0.03742497
   -0.32709532
    0.07133610
    0.02808873
    0.04201551
    0.06951093
    0.04680916
   -0.32478780
    0.07590127
    0.06913579
    0.04840526
    0.07504493
    0.06751368
    0.01842065
    0.04305560
   -0.33359466
    0.03541415
    0.03108302
    0.04025405
    0.07021396
    0.07833646
    0.03969954
   -0.32400687
    0.08366520
    0.04031351
    0.02534951
    0.07782039
    0.04576733
   -0.34145300
    0.04654601
    0.07949648
    0.04406184
    0.08443256
    0.03975758
    0.03932852
    0.02716487
   -0.33123148
    0.02772874
    0.03932157
    0.05054491
    0.06991575
   -0.32635145
    0.04389399
    0.02949298
    0.07886330
    0.04202942
    0.03892233
    0.08032449
    0.04040338
   -0.33550050
    0.04337781
    0.07474936
    0.03990074
    0.07693249
    0.05161049
    0.03717746
    0.04615173
   -0.32881985
    0.03218888
    0.03769989
    0.03952971
    0.06861991
    0.08390769
   -0.32162142
    0.03501042
    0.06893945
    0.04400658
    0.07581286
    0.05072961
    0.04579751
    0.04527452
   -0.33447298
    0.07646729
    0.04438038
    0.04163536
    0.07231465
    0.03830233
   -0.32933909
    0.05145294
    0.03162263
    0.03794960
    0.06958457
    0.04008836
    0.03846497
    0.09181821
   -0.32311349
    0.07291693
    0.04463741
    0.04952216
    0.07419086
    0.04652087
   -0.34427134
    0.03756013
    0.08383720
    0.03183826
    0.07774299
    0.04239057
    0.03717075
    0.04276835
   -0.33398337
    0.03187991
    0.03496092
    0.05026802
    0.06759402
   -0.32975301
    0.05641213
    0.05412285
    0.07246693
    0.04633651
    0.06843734
    0.07014995
    0.02829382
   -0.33519860
    0.04979628
    0.07813694
    0.03898223
    0.07903491
    0.04438144
    0.03868163
    0.03872011
   -0.32968770
    0.03231607
    0.03899122
    0.03926421
    0.07022917
   -0.32322606
    0.03135076
    0.07853173
    0.07079909
    0.05372888
    0.04049606
    0.07797503
    0.04192912
   -0.33388319
    0.04572126
    0.07855580
    0.03943431
    0.08297597
    0.04135470
    0.03208244
    0.03735323
   -0.33284399
    0.02826326
    0.05123887
    0.03743041
    0.07217937
   -0.32465696
    0.03380054
    0.04395492
    0.07931774
    0.03752171
    0.04121300
    0.07932325
    0.04282753
   -0.33249143
    0.04329526
    0.07804194
    0.04058320
    0.07927737
    0.04195307
    0.03850079
    0.03985842
   -0.32917037
    0.03232841
    0.03917424
    0.03932540
    0.07057426
   -0.98351758
