   -0.34211477
   -0.34127542
   -0.34033224
   -0.34495973
   -0.34774301
   -0.34542358
   -0.34000783
   -0.33877681
   -0.13610583
    0.23956111
   -0.25778912
    0.25151621
    0.24943669
   -0.27489932
    0.25291685
    0.26202298
   -0.14956993
    0.20989609
   -0.26431278
    0.24331312
    0.26615584
   -0.26949804
    0.22772666
    0.26694893
   -0.14326862
    0.23036757
   -0.24658762
    0.25683948
    0.27215050
   -0.27855680
    0.26130573
    0.24805120
   -0.13487433
    0.22981223
   -0.25658022
    0.24861245
    0.25332256
   -0.26451923
    0.25138005
    0.25534639
    0.12285900
   -0.07738357
    0.05081017
    0.12251451
    0.23064872
    0.00739881
    0.06788415
    0.12338671
   -0.07673619
    0.05239180
    0.12262295
    0.23293129
    0.06594007
    0.00959236
    0.12210285
   -0.07786900
    0.05084708
    0.12242212
    0.23137754
    0.06709352
    0.00800706
    0.12298188
   -0.07632551
    0.05300100
    0.12389569
    0.23075494
    0.00657480
    0.06727693
   -0.00483212
   -0.05350712
    0.10438298
   -0.00507956
   -0.01685604
    0.06333728
   -0.00310667
   -0.05172767
    0.10353084
   -0.00514265
   -0.01393385
    0.05323107
   -0.00679226
   -0.05272859
    0.09976234
   -0.00601448
   -0.01550533
    0.05932043
   -0.00368911
   -0.05154143
    0.10792858
   -0.00188914
   -0.01681617
    0.06408074
   -0.07949783
    0.07282869
    0.06639884
   -0.07745076
    0.05185275
    0.05104163
   -0.02641478
    0.08677820
    0.09116986
    0.24411915
   -0.07305470
    0.04924087
   -0.07426624
    0.06383105
    0.04532500
   -0.01637579
    0.08070349
    0.06549699
    0.24149817
   -0.07401333
    0.07495129
    0.04965504
   -0.07636984
    0.06656743
    0.04618751
   -0.02136415
    0.09317894
    0.07387259
    0.23941171
   -0.07855216
    0.06173101
    0.07306174
   -0.07938015
    0.05394748
    0.05034259
   -0.02759292
    0.09008172
    0.09009703
    0.24065203
    0.06983008
   -0.89242138
