   -0.95532675
   -0.18802270
   -0.41787610
    0.41677664
   -0.15579525
    0.08031076
    0.08819591
    0.08797368
   -0.20639674
   -0.15761461
    0.32977969
   -0.19192931
   -0.14781714
   -0.01447908
    0.07374149
    0.03826151
   -0.18924188
   -0.53684074
   -0.15138751
    0.06331364
    0.03201072
   -0.18761291
   -0.49365767
   -0.15206472
    0.06450766
    0.01569075
   -0.18648653
   -0.53051105
   -0.15346275
    0.02241953
    0.03351616
   -0.53607165
   -0.14968696
   -0.06492897
    0.05532407
    0.05715970
   -0.40597655
    0.42353486
   -0.15137687
   -0.05968392
    0.02816463
    0.05622538
   -0.50379546
   -0.15529247
   -0.06358163
    0.04875589
    0.06194185
   -0.52923144
   -0.15444444
   -0.10467458
    0.10363111
    0.09338007
   -0.40553720
    0.42311901
   -0.15096527
    0.36986607
   -0.53529563
   -0.15796661
    0.07035907
    0.09752573
    0.09723747
   -0.48941830
    0.32994957
   -0.41708885
    0.41593620
   -0.01946358
    0.06650622
    0.05770069
   -0.54153877
    0.06203443
    0.02809743
   -0.49058798
    0.05883676
    0.03240494
    0.02247569
    0.03612999
   -0.06691881
    0.06271704
    0.05361616
   -0.06924440
    0.05692768
    0.06703383
   -0.04889510
    0.02102056
    0.03473728
   -0.10336806
    0.10122223
    0.09907981
    0.37173229
    0.07787379
    0.09270067
    0.08793948
    0.32857507
   -0.01411385
    0.06967085
    0.05951258
    0.06596735
    0.02050962
    0.06477847
    0.01787193
    0.02023376
    0.05422084
   -0.06004197
    0.04756074
    0.05064156
   -0.06549399
    0.04509390
    0.06304464
   -0.06293948
    0.03879913
    0.05782179
   -0.10399515
    0.09912198
    0.09905063
    0.37040098
    0.07601424
    0.09616459
    0.08966970
    0.33097799
   -0.02220167
    0.07165276
    0.05290275
    0.05940429
    0.03804431
    0.06065784
    0.03043351
    0.02177284
    0.03759979
   -0.06813261
    0.05572225
    0.06329808
   -0.06952648
    0.05624303
    0.06706171
   -0.04986727
    0.02182622
    0.03598686
   -0.49541876
   -0.10353871
    0.10072954
    0.09744470
    0.37149178
    0.08218142
    0.08640569
    0.08576901
    0.33083865
   -0.01253146
    0.06580690
    0.05200099
    0.06549444
    0.02515580
    0.06395622
    0.01120762
    0.02260805
    0.03519375
   -0.06313361
    0.05556523
    0.05587967
   -0.06273016
    0.03628458
    0.06039697
   -0.06406581
    0.05210722
    0.06029771
   -0.10493965
    0.09230084
    0.10349385
    0.37140635
    0.06889767
    0.09892688
    0.09774715
    0.33022480
   -0.01956384
    0.06565435
    0.05835204
    0.06148018
    0.03289848
    0.06167108
    0.02580848
    0.02316899
    0.03349014
   -0.06135380
    0.04718053
    0.05740845
   -0.06115178
    0.05793354
    0.03336741
   -0.06363234
    0.06099257
    0.04819937
   -0.10526444
    0.10512310
    0.09680610
    0.37148814
   -0.41781321
    0.41675302
   -0.50515136
   -0.41341939
    0.41628396
