   -0.15734524
    0.21566310
    0.27073275
   -0.01847349
   -0.03044892
    0.05983116
   -0.01966041
    0.27282256
   -0.15877216
    0.20758186
    0.00240038
    0.06946351
    0.05569802
   -0.00316693
    0.03603461
    0.05390561
   -0.18444599
    0.00277828
    0.04458293
    0.04193521
   -0.06929268
    0.04463268
    0.04671445
    0.08334488
    0.03979901
    0.02083835
   -0.35029622
    0.07492520
    0.06712186
    0.04537902
    0.07491855
    0.03604667
    0.04192256
   -0.34966201
    0.08222818
    0.04739627
    0.03941270
    0.08302601
    0.04398933
    0.03617906
   -0.35083511
    0.08756789
    0.02288381
    0.02864107
   -0.06287259
    0.06052810
    0.05141869
    0.01244464
    0.04609094
    0.00743607
   -0.19478330
    0.00394884
    0.05944954
    0.01758215
    0.01147669
    0.06328850
    0.05469052
   -0.01764876
    0.05795183
   -0.02779916
    0.05299642
   -0.01782927
    0.05624858
    0.00699080
    0.02470161
    0.05344679
   -0.01370839
    0.12102382
   -0.24529921
    0.12180450
   -0.01221579
    0.01034418
    0.05387798
    0.01543379
   -0.03743193
    0.04490758
   -0.03550238
    0.04661879
   -0.03672633
    0.04664698
   -0.02309602
   -0.02215968
   -0.03887567
    0.04609679
   -0.04216040
    0.04535826
   -0.04264518
    0.04552002
   -0.54175348
   -0.53259568
   -0.98121854
