   -0.97269470
   -0.06428663
   -0.04378589
   -0.06433859
    0.05846865
   -0.06676761
    0.15505990
   -0.07964727
    0.05709845
    0.00113211
   -0.03827533
    0.01315755
   -0.04281013
    0.00111021
    0.05715015
   -0.07967573
    0.15505250
   -0.06677735
    0.05840717
   -0.19000446
   -0.14118000
    0.08977996
   -0.01628893
    0.05354729
   -0.14124519
   -0.19095354
    0.05382135
   -0.01617971
    0.08995981
    0.06035410
    0.02479307
    0.06037847
    0.08814484
    0.07896861
    0.04952259
    0.05659148
    0.07912352
    0.08802788
    0.04726246
    0.04733195
    0.09069587
    0.09086504
   -0.01632901
    0.04713817
   -0.01642395
    0.04702806
    0.05357756
    0.05330010
   -0.18923865
   -0.13894284
   -0.19015462
   -0.13901700
    0.00128497
   -0.04287545
   -0.03835534
   -0.04394665
    0.00127242
    0.01320487
    0.04963195
    0.02435533
    0.05666804
    0.02507781
    0.02508589
   -0.10964010
    0.03761441
    0.03739418
    0.04221001
   -0.10674374
    0.03847465
    0.04350244
    0.03209676
   -0.10685948
    0.03874066
    0.03224559
    0.04343433
   -0.10678438
    0.04356782
    0.03860531
    0.03221502
   -0.10963177
    0.04229226
    0.03759362
    0.03735852
   -0.10679309
    0.04353046
    0.03212616
    0.03849677
   -0.25981054
   -0.25984447
    0.07140385
    0.05777995
    0.07938878
    0.05784734
    0.07142031
    0.07937722
    0.05767971
    0.05789533
    0.04605371
   -0.32471791
    0.04571347
    0.07874771
    0.04306771
    0.07966477
    0.04303235
    0.04176833
    0.04179965
   -0.32853569
    0.07952200
    0.03969761
    0.03964010
    0.08052514
    0.03834784
   -0.32927948
    0.03834010
    0.03600238
    0.03861138
    0.06766618
    0.03861494
    0.04587276
   -0.32477233
    0.04593886
    0.07875149
    0.04297792
    0.07969470
    0.04312705
    0.04167326
    0.04185305
   -0.32849159
    0.07954074
    0.03970061
    0.03960033
    0.08051473
    0.03836657
   -0.32932202
    0.03835321
    0.03598598
    0.03865804
    0.06766551
    0.03860936
