    0.11742704
    0.05093453
   -0.15632153
    0.32785685
   -0.51166528
   -0.14431295
    0.11640324
    0.05285397
   -0.15300281
    0.32805548
   -0.51677522
   -0.15367172
   -0.04516313
    0.08048779
    0.08037242
    0.06224352
    0.04329844
    0.06056985
   -0.11114918
    0.04201464
    0.05903248
    0.06688954
    0.00099086
   -0.03569352
    0.04379357
   -0.03181358
    0.03921597
   -0.03390962
    0.04094649
   -0.03274409
    0.03968586
   -0.04267768
    0.04273317
    0.07220471
    0.10152159
    0.10146075
    0.11744498
    0.05111393
   -0.15654887
    0.32787611
   -0.51167424
   -0.14433320
    0.11651982
    0.05264154
   -0.15289129
    0.32805095
   -0.51676464
   -0.15354703
   -0.04520196
    0.08052282
    0.08020780
    0.06239895
    0.04325603
    0.06052159
   -0.11113386
    0.04181078
    0.05897199
    0.06681449
    0.00098588
   -0.03580279
    0.04418907
   -0.03183737
    0.03916801
   -0.03393447
    0.04085714
   -0.03276556
    0.03958784
   -0.04276217
    0.04285579
    0.07135214
    0.09714519
    0.09714438
    0.11745106
    0.05112107
   -0.15654964
    0.32787755
   -0.51167963
   -0.14435202
    0.11652814
    0.05263020
   -0.15288678
    0.32805185
   -0.51676961
   -0.15354898
   -0.04520420
    0.08053071
    0.08018956
    0.06240488
    0.04326763
    0.06050345
   -0.11113027
    0.04180805
    0.05897883
    0.06681642
    0.00098487
   -0.03580018
    0.04415266
   -0.03183823
    0.03916457
   -0.03393518
    0.04086014
   -0.03276435
    0.03959199
   -0.04275808
    0.04287866
    0.07219725
    0.10145897
    0.10152882
    0.11742883
    0.05091119
   -0.15630038
    0.32785659
   -0.51166588
   -0.14432695
    0.11639178
    0.05287876
   -0.15298772
    0.32804847
   -0.51675979
   -0.15369032
   -0.04515457
    0.08046929
    0.08037047
    0.06225025
    0.04330951
    0.06055049
   -0.11115222
    0.04202412
    0.05904082
    0.06689464
    0.00099081
   -0.03569105
    0.04376929
   -0.03181416
    0.03921497
   -0.03391074
    0.04095277
   -0.03274501
    0.03969211
   -0.04267901
    0.04274893
    0.07120999
    0.09718753
    0.09722767
    0.11755132
    0.05083795
   -0.15666226
    0.32788429
   -0.51160909
   -0.14437344
    0.11641597
    0.05294267
   -0.15287019
    0.32802433
   -0.51676927
   -0.15363342
   -0.04514077
    0.08040652
    0.08032167
    0.06232015
    0.04330101
    0.06037910
   -0.11109326
    0.04176264
    0.05898571
    0.06677859
    0.00099028
   -0.03581030
    0.04441154
   -0.03183213
    0.03918305
   -0.03391170
    0.04088051
   -0.03275274
    0.03960510
   -0.04278996
    0.04286166
    0.07218400
    0.10144627
    0.10144347
    0.11755084
    0.05087462
   -0.15666688
    0.32788574
   -0.51161505
   -0.14437992
    0.11643460
    0.05290994
   -0.15287368
    0.32803237
   -0.51678893
   -0.15362521
   -0.04514908
    0.08042736
    0.08032442
    0.06230524
    0.04330514
    0.06037643
   -0.11109352
    0.04174853
    0.05898156
    0.06678171
    0.00098955
   -0.03582181
    0.04442793
   -0.03184187
    0.03919690
   -0.03392167
    0.04088471
   -0.03276261
    0.03959982
   -0.04279582
    0.04287065
    0.07122645
    0.09721503
    0.09717256
   -0.98248920
