   -0.19253259
   -0.03568183
    0.04290579
    0.01477493
    0.04796188
    0.00771722
    0.00955508
    0.05483603
    0.00824713
    0.06045359
    0.06394396
   -0.17702500
    0.20902192
    0.27397699
   -0.53568259
   -0.01685565
   -0.02948610
    0.06124456
   -0.01861566
    0.05009709
   -0.02741510
    0.05021827
   -0.01805963
    0.05226899
   -0.01567968
    0.27453735
   -0.53332173
   -0.15927259
    0.21050738
    0.00855557
    0.06230263
    0.05710650
    0.00693444
    0.01663927
    0.05018444
   -0.19246735
   -0.03550937
    0.04287484
    0.01473343
    0.04787906
    0.00775791
    0.00966413
    0.05462134
    0.00819771
    0.06048008
    0.06413104
   -0.17669177
    0.20894190
    0.27409206
   -0.53488597
   -0.01684897
   -0.02958915
    0.06137749
   -0.01867365
    0.04998918
   -0.02736461
    0.05031718
   -0.01802379
    0.05236570
   -0.01559091
    0.27447316
   -0.53324733
   -0.15904014
    0.21060261
    0.00825871
    0.05706887
    0.06291762
    0.00687275
    0.04981796
    0.01681994
   -0.87068454
