   -0.14569319
    0.11075480
    0.04890926
   -0.09886456
   -0.05638288
    0.08812793
    0.07206408
    0.07859348
    0.19295412
   -0.48380521
   -0.09836810
   -0.05639324
    0.07777798
    0.07186831
    0.08958181
    0.11050673
    0.04919270
   -0.14553745
    0.32726122
   -0.49556193
    0.06741046
    0.10330781
    0.10152610
   -0.15116162
    0.11241103
    0.04744808
   -0.10186928
   -0.05516333
    0.08330766
    0.07910245
    0.07422563
    0.19291326
   -0.48122718
   -0.10214320
   -0.05487630
    0.07887031
    0.08214659
    0.07508782
    0.11255237
    0.04665904
   -0.15182183
    0.32355440
   -0.49417405
    0.06750749
    0.10178434
    0.10316819
   -0.14588027
    0.11099872
    0.04780733
   -0.09865841
   -0.05673228
    0.07213354
    0.07852425
    0.08847079
    0.19290134
   -0.48381974
   -0.09873899
   -0.05663548
    0.07870228
    0.07270500
    0.08758653
    0.11080541
    0.04852681
   -0.14565736
    0.32721816
   -0.49490974
    0.06746950
    0.10320653
    0.10169941
   -0.15114206
    0.11242832
    0.04748589
   -0.10154684
   -0.05523491
    0.08361436
    0.07415796
    0.07937067
    0.19288110
   -0.48212375
   -0.10177776
   -0.05478707
    0.07881659
    0.07387786
    0.08353283
    0.11242231
    0.04720941
   -0.15153290
    0.32368745
   -0.49442820
    0.06770338
    0.10121758
    0.10286194
   -0.14564993
    0.11065018
    0.04896676
   -0.09868303
   -0.05651003
    0.08826497
    0.07867447
    0.07195528
    0.19298162
   -0.48438657
   -0.09833580
   -0.05659059
    0.07807416
    0.08996322
    0.07128775
    0.11051857
    0.04932942
   -0.14570427
    0.32718550
   -0.49551074
    0.06728727
    0.10310432
    0.10167339
   -0.15117838
    0.11231645
    0.04748585
   -0.10150492
   -0.05507047
    0.07341134
    0.07848892
    0.08491977
    0.19292459
   -0.48257874
   -0.10143041
   -0.05512169
    0.07945704
    0.07388719
    0.08320980
    0.11241818
    0.04708725
   -0.15165868
    0.32368592
   -0.49401657
    0.06766275
    0.10139437
    0.10289085
   -0.43476089
   -0.43492629
    0.74631936
   -0.43513089
   -0.43267719
