   -0.26684279
   -0.26660962
   -0.28242480
   -0.28171518
   -0.26657151
   -0.26671485
   -0.27958346
   -0.27974685
   -0.34228676
   -0.34367822
   -0.34342881
   -0.34733195
   -0.34091980
   -0.33218619
   -0.33450505
   -0.33772603
    0.14459445
   -0.07675652
    0.02914731
    0.14460791
   -0.07212563
    0.02471770
   -0.06575425
   -0.07186848
    0.14366894
   -0.08846792
    0.14695585
   -0.07630191
    0.05231451
   -0.01058472
   -0.07130365
    0.06170764
    0.14314954
   -0.06784754
    0.05230484
    0.14271737
   -0.06646077
    0.02279146
   -0.06623917
   -0.06618469
    0.14830898
   -0.08820370
    0.14387347
   -0.07316922
    0.05683701
   -0.01044363
   -0.07660247
    0.14460862
   -0.07722016
    0.03406846
    0.14407877
   -0.07119622
    0.02415400
   -0.06416732
   -0.07161026
    0.14425708
   -0.08859068
    0.14791651
   -0.07453752
    0.04944680
   -0.01163534
   -0.07287588
    0.05883434
    0.14310512
   -0.06794614
    0.05691851
    0.14348267
   -0.06545732
    0.02223789
   -0.06235980
   -0.06536800
    0.14677406
   -0.08809568
    0.14375691
   -0.07053491
    0.06497209
   -0.01138250
   -0.07434747
    0.04497302
    0.27540800
   -0.01250271
    0.12315432
   -0.06797231
    0.02596553
    0.12199921
   -0.00648708
   -0.06290952
    0.14005008
   -0.00559753
    0.27568947
   -0.01256930
    0.12089475
   -0.07617661
    0.02826571
    0.12097976
   -0.00653115
   -0.06094923
    0.13103109
   -0.00790362
    0.27145992
    0.12115470
   -0.06826368
    0.03205075
    0.12385987
   -0.00407078
   -0.06073383
    0.13885040
   -0.00368525
    0.27282305
   -0.01389005
    0.12257984
   -0.07094168
    0.02492217
    0.12221727
   -0.00280896
   -0.05791079
    0.13900440
   -0.00222081
   -0.01974502
    0.06591470
   -0.01874926
    0.05911266
   -0.02280706
    0.06959183
   -0.02242721
    0.07422294
   -0.09289066
    0.07603034
    0.10078443
   -0.08100258
    0.05334645
    0.08129251
   -0.06525465
    0.18692853
   -0.09445073
    0.10175009
    0.08354257
   -0.08080586
    0.07265324
    0.05858780
   -0.07036177
    0.18817137
   -0.09145760
    0.10448653
    0.06766659
   -0.08082793
    0.05852756
    0.07127225
   -0.06354443
    0.18643784
   -0.09039152
    0.06746650
    0.09926693
   -0.09446723
    0.09529080
    0.09814565
   -0.05402880
    0.18255964
    0.07705015
    0.07608113
    0.07320508
    0.09422113
    0.09390381
    0.09377928
    0.09675103
    0.09817115
    0.09677644
    0.09798406
    0.09583967
    0.18764693
    0.18730686
    0.18879488
    0.18766751
   -0.01232661
    0.07407624
    0.05779247
   -0.12804021
   -0.12062232
    0.10012334
    0.11019813
    0.11212620
    0.11774161
    0.11640454
    0.11133537
   -0.12099200
    0.11355045
    0.11042068
    0.10021143
    0.12792803
    0.12676927
   -0.12571544
   -0.12134647
    0.11280667
    0.10646813
    0.10483187
    0.11325123
    0.10746308
    0.11431705
    0.12592034
    0.12737217
   -0.12090479
    0.11146886
    0.10444507
    0.10633827
   -0.13137180
   -0.12146087
    0.09754834
    0.11491720
    0.10767837
    0.12188591
    0.10890430
    0.12195518
    0.13400554
    0.13384370
   -0.12138804
    0.11501022
    0.09768398
    0.10774960
   -0.12122162
   -0.12504617
    0.11208926
    0.10563156
    0.10800736
    0.11185364
    0.11292019
    0.10900385
    0.12291533
    0.12454613
   -0.12056518
    0.10508718
    0.11042601
    0.10788126
    0.10368493
    0.13044872
   -0.12012384
   -0.13196067
    0.09471420
    0.10884136
    0.09714528
    0.12905785
    0.10459440
    0.11880596
   -0.12964954
    0.09856020
    0.10045469
    0.12698068
   -0.12358110
   -0.13171967
   -0.12992303
   -0.14010537
    0.10383874
    0.12816707
    0.09580913
    0.13032846
    0.10393061
    0.11867979
    0.10587060
    0.13691474
   -0.11680505
    0.09225936
    0.09821492
    0.10500519
    0.09673887
    0.12413340
    0.10218076
    0.11176679
    0.10793966
    0.13120592
   -0.11973012
    0.09417806
    0.10265372
    0.10724279
    0.08755379
    0.09036431
   -0.13187816
   -0.12853697
    0.10815030
    0.09513397
    0.12132832
    0.11555335
    0.12282460
    0.09402131
   -0.12221102
    0.11285095
    0.08977701
    0.10541835
    0.12855176
    0.11985424
   -0.44375000
    0.73975915
   -0.44418296
   -0.43977581
   -0.40808051
