   -0.49586836
   -0.48255431
   -0.49226659
   -0.48582717
   -0.49676678
   -0.48602456
   -0.15148897
   -0.14399927
   -0.14773004
   -0.14355909
   -0.14702173
   -0.14574375
   -0.14546832
   -0.14181866
   -0.14552307
   -0.14601048
   -0.14185970
   -0.14107510
    0.32595305
    0.32147311
    0.11639590
    0.05121058
    0.11497719
    0.05241839
    0.32495759
    0.31725657
    0.11426876
    0.05612174
    0.11395243
    0.05606436
    0.32641514
    0.31727893
    0.11289081
    0.05756920
    0.11364849
    0.05628382
   -0.00865633
    0.07143640
    0.07457654
    0.07238361
    0.06957481
    0.09799914
    0.09707673
    0.06943971
    0.09337932
    0.09633279
    0.07133544
    0.09265319
    0.09559902
   -0.01580100
    0.07373113
    0.06550346
    0.08785215
   -0.01032510
    0.07100780
    0.07313736
    0.06917063
   -0.00476958
    0.08067991
    0.08406063
    0.07984788
   -0.00613786
    0.07984388
    0.08657587
    0.07700109
   -0.00578047
    0.08031623
    0.08611102
    0.08102204
   -0.49717173
   -0.47574328
   -0.49364334
   -0.48479275
   -0.49281712
   -0.48606099
   -0.14591324
   -0.14448588
   -0.14869994
   -0.13672113
   -0.14631161
   -0.14601772
   -0.14485898
   -0.14263182
   -0.15136589
   -0.14739079
   -0.14736023
   -0.14263439
    0.32654149
    0.32086932
    0.11514976
    0.05415810
    0.11296828
    0.05172078
    0.32468486
    0.31747024
    0.11324122
    0.05896151
    0.11501027
    0.05140107
    0.32664059
    0.32218505
    0.11492257
    0.05468288
    0.11629315
    0.04924312
   -0.00919920
    0.06421131
    0.07164140
    0.07411876
    0.06943876
    0.09825079
    0.09744333
    0.06988365
    0.09344526
    0.09432731
    0.07290439
    0.09143122
    0.09628233
   -0.00946968
    0.07863624
    0.07791240
    0.09374410
   -0.01001353
    0.06879431
    0.07430765
    0.06945195
   -0.00450710
    0.08097180
    0.08402650
    0.07905962
   -0.00830122
    0.07529266
    0.07775880
    0.06421634
   -0.01321393
    0.08936936
    0.07089789
    0.06624211
    0.04663341
    0.02486705
   -0.32070460
    0.07591405
    0.04361350
    0.04088096
    0.07628299
    0.04376252
   -0.32637111
    0.04242013
    0.07564040
    0.04136000
    0.07713087
    0.04071730
    0.03975597
    0.03925934
   -0.32767092
    0.02448654
    0.04069294
    0.04058305
    0.07734032
    0.04277809
   -0.32066430
    0.02386583
    0.07733516
    0.04112170
    0.08142155
    0.04093969
    0.03763118
    0.04007213
   -0.32790592
    0.07212151
    0.03827461
    0.05338609
    0.07901585
    0.03776169
   -0.32668251
    0.03660643
    0.02496224
    0.04016240
    0.07696005
    0.03943937
   -0.31697206
    0.07980315
    0.02921328
    0.07147253
    0.03767192
    0.05135551
    0.07695529
    0.04518370
   -0.32727992
    0.04120894
    0.07842828
    0.04216354
    0.08019949
    0.03655837
    0.03924821
    0.03440503
   -0.32780242
    0.03014152
    0.04200566
    0.03705425
    0.07641897
    0.04243747
   -0.32014003
    0.02472116
    0.07684013
    0.04059239
    0.08114382
    0.04236179
    0.03728688
    0.04088534
   -0.32802666
    0.07109926
    0.03716997
    0.05600569
    0.07871690
    0.03704106
   -0.32689817
    0.03759094
    0.02486009
    0.04039485
    0.07633630
    0.03962700
    0.07455843
    0.02625935
   -0.31931092
    0.07227408
    0.03786531
    0.05246710
    0.08096126
    0.03746516
   -0.32603784
    0.04162637
    0.07826812
    0.04169018
    0.07935957
    0.03756325
    0.03903149
    0.03666226
   -0.32812931
    0.02973824
    0.04177261
    0.03663221
    0.07812036
    0.07875208
    0.03613482
   -0.31896265
    0.07980474
    0.04227305
    0.03148240
    0.07430828
    0.03973489
   -0.33222586
    0.05156863
    0.07779668
    0.04259607
    0.07521420
    0.03640096
    0.03887584
    0.04276986
   -0.32685652
    0.02826219
    0.03992861
    0.03399752
    0.07723781
   -0.32097278
    0.04331413
    0.02446884
    0.07707753
    0.04129463
    0.04137197
    0.08143893
    0.03719795
   -0.32802485
    0.04051022
    0.07222329
    0.03773852
    0.07899875
    0.05363875
    0.03755513
    0.03676193
   -0.32655674
    0.02499663
    0.04014961
    0.03961358
    0.07667743
    0.07985432
   -0.31659095
    0.02897686
    0.07223728
    0.03759936
    0.07630107
    0.04921356
    0.04442975
    0.04247425
   -0.32795476
    0.07563471
    0.04225995
    0.04139977
    0.07734626
    0.03825465
   -0.32640401
    0.03764947
    0.02471790
    0.04012014
    0.07809052
    0.03923992
    0.03618315
    0.07704327
   -0.31787867
    0.08237858
    0.02761222
    0.04149254
    0.07691616
    0.04650171
   -0.33122287
    0.04199309
    0.08080650
    0.03288435
    0.07667473
    0.04212921
    0.04136757
    0.04042248
   -0.32916812
    0.02697686
    0.03791193
    0.04330208
    0.07463001
   -0.31803382
    0.05323526
    0.04839677
    0.07473964
    0.04131216
    0.04393475
    0.07629516
    0.04771486
   -0.33033646
    0.04053769
    0.07711258
    0.04191646
    0.07752635
    0.04077312
    0.03778021
    0.03763934
   -0.32642968
    0.02487062
    0.03972554
    0.03951328
    0.07788246
   -0.31760593
    0.02834456
    0.07721561
    0.07203576
    0.05131798
    0.03757825
    0.07720574
    0.04031747
   -0.32719527
    0.04493879
    0.07811161
    0.03701870
    0.08010894
    0.04176640
    0.03474790
    0.03913690
   -0.32768933
    0.02966493
    0.03710769
    0.04222651
    0.07718724
   -0.31870324
    0.03032409
    0.04151867
    0.07750456
    0.03807156
    0.04067354
    0.07864742
    0.04079361
   -0.32653081
    0.04192736
    0.07626549
    0.03976746
    0.07736046
    0.04107013
    0.03873980
    0.03994943
   -0.32773695
    0.02441602
    0.04041865
    0.04107010
    0.07766278
   -0.97233151
