   -0.17681045
   -0.03924830
    0.04712204
    0.01586978
    0.04703474
    0.01094612
    0.00822548
    0.04385754
    0.00698165
    0.06539969
    0.05501812
   -0.17521740
    0.20112052
    0.26722751
   -0.49745051
   -0.01712940
   -0.02563986
    0.04832779
   -0.02111043
    0.05513333
   -0.03310791
    0.05280849
   -0.02112937
    0.05710022
   -0.01645498
    0.26948590
   -0.48969969
   -0.15943562
    0.19209407
    0.00797173
    0.06566305
    0.04500890
    0.00545479
    0.01422270
    0.05567364
   -0.17685743
   -0.03923218
    0.04709822
    0.01598385
    0.04693091
    0.01114022
    0.00832253
    0.04351317
    0.00721029
    0.06521139
    0.05484955
   -0.17550268
    0.20133682
    0.26720257
   -0.49749120
   -0.01715755
   -0.02569905
    0.04847574
   -0.02114047
    0.05513850
   -0.03311760
    0.05277629
   -0.02113749
    0.05687430
   -0.01645423
    0.26948461
   -0.48975985
   -0.15964488
    0.19237998
    0.00825913
    0.04503775
    0.06518836
    0.00547242
    0.05592597
    0.01414974
   -0.93008157
