    0.10883314
    0.07417772
   -0.15574877
    0.32743819
   -0.51858885
   -0.14285699
    0.10718751
    0.07631606
   -0.14889548
    0.32886618
   -0.52701625
   -0.14969126
   -0.04445768
    0.07981362
    0.07797486
    0.06123285
    0.04262080
    0.06300020
   -0.10994030
    0.04206868
    0.05705225
    0.06567254
    0.00159628
   -0.03547738
    0.04403462
   -0.03186979
    0.03867226
   -0.03398054
    0.04034868
   -0.03270271
    0.03890205
   -0.04198432
    0.04008366
    0.07310187
    0.09939104
    0.09630108
    0.11822785
    0.05696189
   -0.15681698
    0.32811390
   -0.51668896
   -0.14438121
    0.11695167
    0.05905068
   -0.14727735
    0.34002340
   -0.51800497
   -0.14873085
   -0.04503614
    0.08035566
    0.07866088
    0.06164888
    0.04248304
    0.06263293
   -0.10993768
    0.04182856
    0.05743049
    0.06623613
    0.00178978
   -0.03531417
    0.04387509
   -0.03174246
    0.03916244
   -0.03400350
    0.04072513
   -0.03279239
    0.03898692
   -0.04179141
    0.03948012
    0.07236893
    0.09152456
    0.09440805
    0.10882211
    0.07419134
   -0.15575060
    0.32744982
   -0.51856952
   -0.14287520
    0.10721197
    0.07628272
   -0.14888148
    0.32886827
   -0.52704270
   -0.14968941
   -0.04446595
    0.07989746
    0.07781822
    0.06133858
    0.04261458
    0.06298641
   -0.11002311
    0.04202963
    0.05706843
    0.06570488
    0.00159518
   -0.03549516
    0.04420127
   -0.03187324
    0.03866892
   -0.03396840
    0.04032955
   -0.03270904
    0.03887085
   -0.04201741
    0.04008360
    0.07312817
    0.09939793
    0.09625183
    0.11820190
    0.05695448
   -0.15679282
    0.32809401
   -0.51669969
   -0.14435981
    0.11694152
    0.05914983
   -0.14733210
    0.34000274
   -0.51801509
   -0.14862063
   -0.04503082
    0.08043239
    0.07861547
    0.06157380
    0.04253288
    0.06258653
   -0.10991425
    0.04191787
    0.05743023
    0.06627131
    0.00177297
   -0.03525240
    0.04366999
   -0.03171818
    0.03918242
   -0.03400024
    0.04076553
   -0.03276865
    0.03905078
   -0.04175232
    0.03936011
    0.07238158
    0.09154268
    0.09433027
    0.10884778
    0.07413848
   -0.15584446
    0.32745841
   -0.51848889
   -0.14284944
    0.10716810
    0.07633818
   -0.14880751
    0.32887551
   -0.52711188
   -0.14963226
   -0.04446496
    0.07984002
    0.07784034
    0.06137135
    0.04262336
    0.06291959
   -0.10997944
    0.04198643
    0.05705852
    0.06565952
    0.00159636
   -0.03548057
    0.04416275
   -0.03186862
    0.03866715
   -0.03398048
    0.04031531
   -0.03270683
    0.03885977
   -0.04201690
    0.04019140
    0.07308740
    0.09945997
    0.09625202
    0.11821194
    0.05699151
   -0.15691118
    0.32811199
   -0.51662577
   -0.14433926
    0.11692200
    0.05911280
   -0.14726870
    0.34003129
   -0.51801356
   -0.14868152
   -0.04506139
    0.08047915
    0.07855250
    0.06164980
    0.04253082
    0.06248931
   -0.10991293
    0.04179437
    0.05741087
    0.06621873
    0.00178569
   -0.03530116
    0.04390800
   -0.03173888
    0.03915921
   -0.03401544
    0.04069845
   -0.03279135
    0.03897940
   -0.04179915
    0.03956842
    0.07238855
    0.09151099
    0.09434547
    0.93766942
   -0.50591472
   -0.50595361
   -0.50591985
   -0.48559720
