   -0.97343307
   -0.57535334
   -0.57532360
   -0.57520768
   -0.57537513
   -0.57531314
   -0.57521926
   -0.08757340
   -0.08731319
   -0.08739346
   -0.08735422
   -0.08745069
   -0.08748874
   -0.08756968
   -0.08731373
   -0.08739853
   -0.08735891
   -0.08745450
   -0.08748248
    0.20952990
    0.01529994
    0.06463307
    0.06324743
    0.01524353
    0.06348027
    0.06450851
    0.07693864
    0.08638015
    0.08640142
    0.20952238
    0.01517149
    0.06339803
    0.06472743
    0.01518339
    0.06467298
    0.06334158
    0.07690848
    0.08646051
    0.08640140
    0.20951364
    0.01523326
    0.06474052
    0.06331700
    0.01521003
    0.06330260
    0.06462158
    0.07692695
    0.08640051
    0.08647285
    0.20953494
    0.01531343
    0.06323491
    0.06463186
    0.01525230
    0.06450626
    0.06346966
    0.07694251
    0.08640412
    0.08637226
    0.20952133
    0.01516681
    0.06472446
    0.06340903
    0.01518259
    0.06334337
    0.06467263
    0.07690875
    0.08646249
    0.08640048
    0.20951461
    0.01523641
    0.06330914
    0.06473949
    0.01522037
    0.06462191
    0.06329228
    0.07692440
    0.08646272
    0.08641179
