   -0.49447104
   -0.49320405
   -0.10753503
    0.19160608
   -0.16166970
    0.20317750
   -0.25946045
   -0.09183820
    0.19754833
   -0.07793946
    0.18459509
   -0.27174346
   -0.16149727
    0.19877307
   -0.10690801
    0.18927006
    0.04063516
   -0.02749020
   -0.02147917
   -0.01289484
    0.26552805
    0.06467472
    0.06270617
   -0.05449006
    0.02053815
   -0.04424467
    0.02564956
   -0.04188325
    0.02663323
   -0.05118948
    0.04682732
    0.06970026
   -0.00157928
    0.01507302
   -0.02569935
   -0.02975765
    0.04588019
   -0.02456538
    0.05847580
    0.04530387
   -0.02825059
   -0.02295795
    0.01737231
    0.07340328
   -0.00548231
    0.06011512
    0.06471666
   -0.05365730
    0.05270166
   -0.04075954
    0.02847767
   -0.04484359
    0.02705685
   -0.05379666
    0.02264968
    0.26541814
   -0.01214036
   -0.01804107
   -0.02708501
    0.04096114
   -0.02715699
    0.06753910
   -0.10347632
    0.04247177
    0.03965830
    0.04218319
    0.02740780
   -0.03374486
    0.02640121
   -0.03400381
    0.02838811
   -0.03677128
    0.02782102
   -0.03174399
    0.02414403
   -0.02740316
    0.01503026
   -0.05797602
    0.02990390
    0.04293508
   -0.04922976
    0.03406059
    0.03223590
   -0.09791158
    0.03323527
    0.02970621
    0.02685609
   -0.10515236
    0.04431514
    0.04448998
    0.04005836
    0.01307562
   -0.03659135
    0.02835267
   -0.04155880
    0.03302665
    0.01435791
   -0.04272487
    0.03016266
   -0.04108793
    0.02928229
   -0.11536724
    0.04400781
    0.05040066
    0.05028960
   -0.10535941
    0.04513429
    0.04253042
    0.04095986
   -0.05342138
    0.02572683
    0.03422253
   -0.05076355
    0.03950286
    0.03032919
   -0.09903741
    0.03624297
    0.03244901
    0.02613181
    0.02866553
   -0.02626501
    0.01896215
   -0.03182280
    0.02619636
   -0.03661446
    0.02788370
   -0.03390900
    0.02644063
   -0.03414627
    0.02523107
   -0.10393196
    0.04844950
    0.03920317
    0.04021300
    0.01873750
   -0.03582285
    0.03072734
   -0.03187053
    0.03402028
   -0.03597132
    0.03352976
   -0.03269082
    0.03193982
   -0.03988335
    0.03278830
   -0.91151841
