   -0.15174681
    0.20597466
    0.26475305
   -0.49369652
    0.07421658
   -0.22119851
    0.06916921
    0.26244888
   -0.49930429
   -0.15345441
    0.00143142
    0.05929221
    0.06886409
   -0.06832327
    0.04896165
    0.05338850
   -0.05051434
    0.03393229
    0.02901759
   -0.06759344
    0.00030576
   -0.15039607
    0.26288150
   -0.49814489
    0.06999386
   -0.22045716
    0.07339574
    0.26405249
   -0.49473408
   -0.14982901
   -0.00036247
   -0.06283609
   -0.06942411
   -0.06270928
    0.00013021
   -0.03041295
   -0.01424529
   -0.03001915
   -0.02976829
   -0.01436250
   -0.03040232
    0.20622919
    0.04835812
    0.05302478
    0.07069700
    0.05983350
    0.20401512
    0.20461502
    0.05961007
    0.07044026
    0.04793833
    0.03305119
    0.03819300
    0.06043876
    0.04753430
    0.03347432
    0.06982264
    0.05981197
    0.05094294
    0.04984487
    0.05410876
    0.05413772
    0.04947668
    0.05122102
   -0.95509405
