   -0.89479944
   -0.19741763
   -0.41877156
    0.41617269
   -0.15511482
    0.08021134
    0.08508542
    0.08648094
   -0.21204925
   -0.15398990
    0.32971155
   -0.19696760
   -0.14391889
   -0.01427001
    0.07307515
    0.03912587
   -0.19630815
   -0.54123416
   -0.15050657
    0.06162043
    0.03027012
   -0.19479434
   -0.49238803
   -0.15072591
    0.06277410
    0.01449439
   -0.19378952
   -0.53838461
   -0.15148501
    0.02256209
    0.03708990
   -0.54130318
   -0.14503911
   -0.06199703
    0.05433323
    0.05472342
   -0.41546060
    0.41944246
   -0.14937990
   -0.06131235
    0.03470730
    0.05634569
   -0.49595127
   -0.15162702
   -0.06356494
    0.05112092
    0.05959052
   -0.53522315
   -0.14996907
   -0.10462628
    0.10356090
    0.09253851
   -0.41574248
    0.41933153
   -0.14785230
    0.37135477
   -0.54017526
   -0.15628732
    0.06737305
    0.09843112
    0.09609919
   -0.48999523
    0.32986015
   -0.41867975
    0.41638986
   -0.02111598
    0.06979517
    0.05373426
   -0.54313014
    0.05377933
    0.04137801
   -0.48915430
    0.05590801
    0.03250189
    0.02176531
    0.04009138
   -0.06310094
    0.05702868
    0.05139967
   -0.07046342
    0.06147723
    0.06393340
   -0.05503877
    0.03506878
    0.03999853
   -0.10387467
    0.10009121
    0.09752692
    0.37178602
    0.07829307
    0.08739535
    0.08649088
    0.32876838
   -0.01679879
    0.06538979
    0.06113273
    0.06339415
    0.02676976
    0.06370120
    0.01774233
    0.02088545
    0.05448538
   -0.05999473
    0.04834057
    0.04942907
   -0.06461103
    0.04354168
    0.06062637
   -0.06241767
    0.03962763
    0.05688777
   -0.10357448
    0.09820793
    0.09861724
    0.37048719
    0.07473805
    0.09503263
    0.08767656
    0.33101749
   -0.02169305
    0.06883698
    0.05487810
    0.05239516
    0.04757636
    0.05780715
    0.03010877
    0.02145777
    0.04117602
   -0.06284131
    0.05050752
    0.05640301
   -0.07053732
    0.06166239
    0.06372679
   -0.05535238
    0.03684994
    0.03911305
   -0.49358750
   -0.10386678
    0.10109294
    0.09601125
    0.37181058
    0.08320215
    0.08512551
    0.08081911
    0.33103330
   -0.01247847
    0.06723179
    0.05106444
    0.06502539
    0.02366918
    0.06185231
    0.01450815
    0.02337231
    0.03597792
   -0.06282228
    0.05594986
    0.05480324
   -0.06260605
    0.03807119
    0.05722449
   -0.06392227
    0.05084806
    0.05899822
   -0.10492643
    0.09436381
    0.10319037
    0.37131173
    0.06833244
    0.09686568
    0.09672378
    0.33006905
   -0.02194721
    0.07134995
    0.05491766
    0.05340561
    0.04435348
    0.05646305
    0.03381656
    0.02271289
    0.03665932
   -0.06132191
    0.04864320
    0.05607480
   -0.06144906
    0.05589252
    0.03468093
   -0.06348185
    0.06009383
    0.04854858
   -0.10489074
    0.10408867
    0.09574078
    0.37150214
   -0.41959781
    0.41655165
   -0.49600886
   -0.41473074
    0.41607664
