   -0.49514821
   -0.48555420
   -0.48951910
   -0.48559396
   -0.50117125
   -0.49273637
   -0.16175176
   -0.15293590
   -0.16138590
   -0.14419015
   -0.15467541
   -0.14915259
   -0.15201899
   -0.14326415
   -0.14634700
   -0.15585213
   -0.13827007
   -0.14786990
    0.32725164
    0.32693528
    0.12301889
    0.04201125
    0.12128633
    0.03875949
    0.32545327
    0.32137189
    0.11875647
    0.04310807
    0.11737097
    0.04392572
    0.32709087
    0.32217426
    0.11910856
    0.04079476
    0.11962316
    0.04331922
    0.00171414
    0.05392321
    0.07555959
    0.06259414
    0.06269276
    0.12101750
    0.10252608
    0.06824204
    0.10222317
    0.10692424
    0.08132933
    0.09398919
    0.09335816
   -0.01787058
    0.08370206
    0.06247714
    0.09687695
   -0.00285080
    0.06822343
    0.05995938
    0.06789161
   -0.00541330
    0.07868128
    0.08456041
    0.08785237
   -0.00588403
    0.07291600
    0.08711668
    0.07331948
   -0.00423619
    0.08446126
    0.08498034
    0.08128977
   -0.49998649
   -0.48063747
   -0.49454602
   -0.48778357
   -0.50500869
   -0.48890028
   -0.15422138
   -0.15013097
   -0.15452260
   -0.14088896
   -0.15261100
   -0.14983406
   -0.15020155
   -0.14638671
   -0.14523044
   -0.15877631
   -0.14076107
   -0.15352819
    0.32806836
    0.32411719
    0.12160837
    0.03982464
    0.11718038
    0.04418779
    0.32630898
    0.32034582
    0.11807823
    0.04417593
    0.11876692
    0.04003352
    0.32919330
    0.32761406
    0.11960092
    0.04184909
    0.12369560
    0.03462184
   -0.00776133
    0.06873261
    0.07169199
    0.07224150
    0.06588516
    0.12115262
    0.09510905
    0.06894086
    0.10119989
    0.10304723
    0.07271661
    0.09894853
    0.10369846
   -0.01146116
    0.08508249
    0.07590763
    0.09570189
   -0.00936981
    0.07031148
    0.07441877
    0.06920795
   -0.00962868
    0.06947856
    0.07293622
    0.08008581
   -0.00458401
    0.07203395
    0.08402620
    0.06718935
   -0.00417309
    0.08815955
    0.05261461
    0.06547021
    0.05339129
    0.05439385
   -0.33595799
    0.07518673
    0.04979871
    0.04557976
    0.08095496
    0.03693004
   -0.33135485
    0.03701474
    0.07939406
    0.04460024
    0.07860848
    0.03497106
    0.04282386
    0.04361133
   -0.33455270
    0.02788146
    0.04477516
    0.04551894
    0.07361294
    0.04369355
   -0.32792997
    0.02703690
    0.07716584
    0.04406231
    0.08099897
    0.04247806
    0.03999221
    0.04211642
   -0.33467351
    0.07168569
    0.03861367
    0.05688230
    0.07896775
    0.03800025
   -0.33262968
    0.03955043
    0.02729274
    0.04162829
    0.07509898
    0.04155093
   -0.32222354
    0.08193153
    0.03440832
    0.07040440
    0.04196535
    0.04978682
    0.07668494
    0.04808478
   -0.33518985
    0.04298866
    0.07749577
    0.04417472
    0.08000386
    0.03970190
    0.04101142
    0.03526119
   -0.33397789
    0.02930864
    0.04347829
    0.03913271
    0.07910146
    0.07756641
   -0.31894237
    0.03278798
    0.07865070
    0.03670776
    0.07322869
    0.03565681
    0.04777136
    0.05889325
   -0.33927393
    0.07845763
    0.04368696
    0.04354526
    0.07855458
    0.03712715
   -0.33365564
    0.04403622
    0.02827507
    0.04044667
    0.07466226
    0.04195911
    0.07810742
    0.03797521
   -0.32683520
    0.07363031
    0.02625666
    0.03741072
    0.06817680
    0.04979380
   -0.32463277
    0.07668264
    0.06800568
    0.04957671
    0.07698272
    0.07220919
    0.01330923
    0.04052983
   -0.33378960
    0.03271379
    0.02913445
    0.04243355
    0.07669759
    0.08606567
    0.04143499
   -0.32493439
    0.08416155
    0.04191120
    0.01913498
    0.07715949
    0.05036454
   -0.34346661
    0.04376454
    0.07759171
    0.04810484
    0.08565010
    0.04077389
    0.04160005
    0.02184866
   -0.33343260
    0.02496277
    0.04371619
    0.04813383
    0.07635136
   -0.32781497
    0.04457052
    0.03066334
    0.07851428
    0.04446148
    0.03751883
    0.08024882
    0.04226666
   -0.33712441
    0.04218595
    0.07351290
    0.03972653
    0.07511297
    0.05198523
    0.03681943
    0.04911647
   -0.33294764
    0.02771310
    0.03980755
    0.04246373
    0.07356756
    0.08495783
   -0.32143503
    0.03777058
    0.06810966
    0.04695310
    0.07401688
    0.04802837
    0.04901395
    0.04701554
   -0.33593550
    0.07490575
    0.04710207
    0.04205623
    0.07279058
    0.03937317
   -0.33233160
    0.04806182
    0.02702006
    0.04104863
    0.07533457
    0.04124248
    0.03756908
    0.09296394
   -0.32211674
    0.07384990
    0.03972649
    0.04909429
    0.07554028
    0.04160211
   -0.34451630
    0.04346931
    0.08245218
    0.03152012
    0.07955784
    0.04701396
    0.03318494
    0.04241196
   -0.33478149
    0.03003332
    0.03489856
    0.05140460
    0.07255365
   -0.33168862
    0.05443268
    0.05837654
    0.07133393
    0.04849115
    0.06888375
    0.06971620
    0.02847617
   -0.33590981
    0.05039921
    0.07731576
    0.03947836
    0.07790851
    0.04432626
    0.03925657
    0.04045326
   -0.33332169
    0.02754494
    0.04143265
    0.04197397
    0.07526527
   -0.32304911
    0.03241485
    0.07820920
    0.07108883
    0.05028057
    0.04145383
    0.07717934
    0.04259434
   -0.33558012
    0.04791531
    0.07780274
    0.03879660
    0.08311036
    0.04440454
    0.02963717
    0.03946560
   -0.33529218
    0.02554586
    0.05221326
    0.04114953
    0.07580469
   -0.32757467
    0.03383539
    0.04916980
    0.07727348
    0.03875207
    0.04504741
    0.07886441
    0.04045611
   -0.33293141
    0.04428953
    0.07663161
    0.04103160
    0.07797000
    0.04266653
    0.03999314
    0.04132331
   -0.33341606
    0.02728051
    0.04197886
    0.04248478
    0.07566540
   -0.98508271
