   -0.27384676
   -0.27364640
   -0.28695413
   -0.28660269
   -0.27221263
   -0.27290684
   -0.28487919
   -0.28494275
   -0.34257881
   -0.34417138
   -0.34565941
   -0.35336139
   -0.34662735
   -0.33358056
   -0.33285569
   -0.33688158
    0.14506969
   -0.07518973
    0.02984008
    0.14572754
   -0.07181972
    0.02412209
   -0.06551083
   -0.07152165
    0.14273334
   -0.08736221
    0.14623470
   -0.07188279
    0.05279493
   -0.00523264
   -0.06948937
    0.06576544
    0.14490484
   -0.06516235
    0.04771851
    0.14385952
   -0.06646182
    0.02246342
   -0.06503061
   -0.06634384
    0.14791511
   -0.08762132
    0.14173475
   -0.07098506
    0.05434105
   -0.00693276
   -0.06965621
    0.14553104
   -0.07593265
    0.03149586
    0.14420722
   -0.07163314
    0.02337061
   -0.06340223
   -0.07185986
    0.14292553
   -0.08848297
    0.14714035
   -0.06778452
    0.05166199
   -0.00729902
   -0.07129406
    0.05444216
    0.14448290
   -0.06569400
    0.05290062
    0.14494333
   -0.06557703
    0.02162584
   -0.06059480
   -0.06535942
    0.14593992
   -0.08755490
    0.14347052
   -0.06933343
    0.06672320
   -0.00644365
   -0.07180370
    0.04525273
    0.26554847
    0.02381516
    0.12508521
   -0.06309484
    0.02309885
    0.12626809
   -0.00174163
   -0.05934036
    0.13844815
   -0.00442105
    0.27329379
    0.01662320
    0.12274037
   -0.07355442
    0.02063930
    0.12277290
   -0.00156932
   -0.05443479
    0.12962994
   -0.00325385
    0.26956141
    0.12525327
   -0.06151706
    0.03305156
    0.12605032
   -0.00330775
   -0.05727319
    0.13761734
    0.00077874
    0.26219020
    0.02456814
    0.12457886
   -0.06558109
    0.02686110
    0.12432906
   -0.00262801
   -0.05690308
    0.13486120
   -0.00152726
   -0.01992537
    0.06542027
   -0.01772533
    0.05472800
   -0.02181144
    0.06478910
   -0.02329937
    0.07536604
   -0.09223678
    0.07413967
    0.10019892
   -0.08062134
    0.05251727
    0.08179858
   -0.06454157
    0.18692141
   -0.09351641
    0.10097691
    0.08059036
   -0.08173008
    0.07616744
    0.05952046
   -0.06793158
    0.18776430
   -0.09075173
    0.10456380
    0.06329807
   -0.08059689
    0.05707460
    0.07157947
   -0.06373946
    0.18650113
   -0.08888100
    0.06105648
    0.09832526
   -0.09576410
    0.10109858
    0.09503307
   -0.05372807
    0.18200094
    0.06906504
    0.06746199
    0.06508232
    0.09198058
    0.08926538
    0.09162557
    0.09469538
    0.09391709
    0.09440039
    0.09652634
    0.09357338
    0.18714970
    0.18699652
    0.18839378
    0.18737333
    0.01428490
    0.06708895
    0.06066813
   -0.12779808
   -0.11922308
    0.09854797
    0.10938504
    0.11154754
    0.11877341
    0.11671693
    0.11085153
   -0.11997146
    0.11400027
    0.10974402
    0.09885575
    0.12782507
    0.12536180
   -0.12543242
   -0.12051080
    0.11308884
    0.10518453
    0.10422052
    0.11348311
    0.10649764
    0.11477100
    0.12600039
    0.12754581
   -0.11970951
    0.11129465
    0.10340638
    0.10518045
   -0.13144225
   -0.12026446
    0.09609709
    0.11424764
    0.10677547
    0.12329479
    0.10828635
    0.12224247
    0.13283321
    0.13435649
   -0.12061049
    0.11569388
    0.09642370
    0.10705302
   -0.12041180
   -0.12479046
    0.11182504
    0.10471805
    0.10790103
    0.11206593
    0.11292072
    0.10901196
    0.12240237
    0.12386341
   -0.11982495
    0.10442030
    0.11021626
    0.10774117
    0.10233684
    0.12891422
   -0.11974068
   -0.13420369
    0.09435237
    0.11005535
    0.09571658
    0.13004133
    0.10392970
    0.12113890
   -0.12813503
    0.09816026
    0.09857882
    0.12482962
   -0.12331085
   -0.13161575
   -0.12985334
   -0.13869780
    0.10376891
    0.12966000
    0.09779619
    0.13058479
    0.10332638
    0.11658525
    0.10420681
    0.13744108
   -0.11599826
    0.09282245
    0.09676732
    0.10310201
    0.09400466
    0.12405060
    0.10313131
    0.11212319
    0.11048276
    0.13075215
   -0.12011139
    0.09229257
    0.10366197
    0.10837391
    0.08811199
    0.08741097
   -0.12963997
   -0.13089483
    0.11444831
    0.09527915
    0.12429443
    0.10869222
    0.12328562
    0.09271795
   -0.12061874
    0.10885763
    0.08987428
    0.10569011
    0.12877399
    0.11123600
   -0.51734524
    0.80932703
   -0.47588896
   -0.49073401
   -0.38595692
