   -0.47975993
   -0.47965006
    0.13071986
   -0.11787253
   -0.11788932
   -0.04371337
    0.10122625
    0.10836030
   -0.00179926
    0.08852049
    0.08512800
   -0.15638793
    0.22639900
    0.26164370
    0.06568729
   -0.23151423
   -0.02942775
    0.06763579
   -0.01228383
    0.05727753
   -0.02942445
    0.06777791
    0.06543521
    0.26147674
   -0.15650006
    0.22639634
   -0.00229048
    0.08392764
    0.09073388
   -0.04390106
    0.10024759
    0.11006006
   -0.47994693
   -0.47936147
    0.13039646
   -0.11777918
   -0.11755850
   -0.04406300
    0.10100223
    0.10903518
   -0.00198633
    0.09052450
    0.08348819
   -0.15631671
    0.22625980
    0.26172928
    0.06586597
   -0.23158910
   -0.02940750
    0.06757987
   -0.01227231
    0.05735530
   -0.02943326
    0.06795679
    0.06535973
    0.26151754
   -0.15662440
    0.22638064
   -0.00196212
    0.08604117
    0.08783550
   -0.04359313
    0.10142291
    0.10852059
   -0.95197195
    0.11586314
    0.11554228
    0.10801678
    0.11559887
    0.10836843
    0.11592136
    0.11537860
    0.11619918
    0.10844570
    0.11623066
    0.10831577
    0.11547413
