    0.12412878
    0.04341795
   -0.16007293
    0.32850860
   -0.50817239
   -0.14601367
    0.12302282
    0.04113120
   -0.15439629
    0.32856725
   -0.51132386
   -0.15734001
   -0.04273628
    0.06477427
    0.07479748
    0.08113941
    0.04566389
    0.06473612
   -0.11526713
    0.06379828
    0.04483345
    0.06544098
    0.00504800
   -0.03347531
   -0.00305554
   -0.02733160
    0.02328847
   -0.03091969
    0.04199421
   -0.02952100
    0.04787969
   -0.03204484
    0.05794442
    0.07168527
    0.10375720
    0.10379368
    0.12411738
    0.04334468
   -0.15987435
    0.32850788
   -0.50825690
   -0.14600052
    0.12306939
    0.04106204
   -0.15437012
    0.32857056
   -0.51130319
   -0.15747266
   -0.04275861
    0.07483611
    0.08134340
    0.06462204
    0.04562359
    0.06491652
   -0.11528706
    0.04476562
    0.06372498
    0.06551101
    0.00509259
   -0.03341137
   -0.00297818
   -0.02726972
    0.02327999
   -0.03093847
    0.04199695
   -0.02954335
    0.04787495
   -0.03215847
    0.05789428
    0.07781050
    0.09846520
    0.09851975
    0.12415340
    0.04335252
   -0.15991082
    0.32854345
   -0.50830799
   -0.14596278
    0.12307476
    0.04112272
   -0.15443452
    0.32858237
   -0.51135015
   -0.15752330
   -0.04275455
    0.06464416
    0.07485820
    0.08129297
    0.04562421
    0.06497653
   -0.11526656
    0.04473031
    0.06376711
    0.06546464
    0.00517158
   -0.03340484
   -0.00309667
   -0.02735658
    0.02334505
   -0.03099423
    0.04200014
   -0.02957234
    0.04788759
   -0.03229310
    0.05786317
    0.07168704
    0.10376703
    0.10376704
    0.12415372
    0.04335110
   -0.15990955
    0.32854370
   -0.50830868
   -0.14596320
    0.12307487
    0.04112318
   -0.15443442
    0.32858214
   -0.51134964
   -0.15752474
   -0.04275425
    0.07485789
    0.08129260
    0.06464409
    0.04562429
    0.06497754
   -0.11526650
    0.04473053
    0.06376738
    0.06546439
    0.00517274
   -0.03340502
   -0.00309800
   -0.02735674
    0.02334463
   -0.03099462
    0.04200022
   -0.02957234
    0.04788794
   -0.03229457
    0.05786301
    0.07781006
    0.09852013
    0.09846567
    0.12411739
    0.04334356
   -0.15987447
    0.32850780
   -0.50825672
   -0.14600022
    0.12306882
    0.04106254
   -0.15436909
    0.32857016
   -0.51130215
   -0.15747327
   -0.04275928
    0.06462267
    0.07483589
    0.08134346
    0.04562444
    0.06491464
   -0.11528733
    0.04476635
    0.06372549
    0.06551104
    0.00509281
   -0.03341127
   -0.00297905
   -0.02726944
    0.02327827
   -0.03093817
    0.04199721
   -0.02954309
    0.04787549
   -0.03215839
    0.05789509
    0.07168495
    0.10379356
    0.10375778
    0.12412849
    0.04341844
   -0.16007270
    0.32850815
   -0.50817172
   -0.14601359
    0.12302168
    0.04113211
   -0.15439492
    0.32856698
   -0.51132348
   -0.15733927
   -0.04273581
    0.07479479
    0.08113940
    0.06477554
    0.04566370
    0.06473573
   -0.11526729
    0.04483379
    0.06379810
    0.06544125
    0.00504746
   -0.03347573
   -0.00305431
   -0.02733140
    0.02328690
   -0.03091956
    0.04199435
   -0.02952087
    0.04787991
   -0.03204312
    0.05794497
    0.07782413
    0.09846954
    0.09846910
   -0.97245255
