   -0.98629383
   -0.50820468
   -0.50278735
   -0.50554459
   -0.50545945
   -0.50629186
   -0.50322926
   -0.16093562
   -0.15616638
   -0.15394539
   -0.15144186
   -0.15262991
   -0.15482419
   -0.14451825
   -0.14494444
   -0.16106286
   -0.15360482
   -0.14926447
   -0.14978658
    0.32635002
    0.32807521
    0.11562227
    0.06243383
    0.12221853
    0.03012778
    0.32593706
    0.32680389
    0.11317325
    0.04169401
    0.11320737
    0.04140497
    0.32625411
    0.32881356
    0.12071183
    0.03308845
    0.11991217
    0.04256461
    0.00264163
    0.07043666
    0.07983701
    0.00328678
   -0.03770101
    0.00271551
   -0.03141534
    0.02182777
   -0.02751406
    0.04714414
   -0.02639231
    0.05400557
   -0.03437434
    0.05269109
    0.00145183
    0.06485800
    0.07953508
    0.00468461
   -0.04112593
    0.04374116
   -0.03161034
    0.04546453
   -0.03361125
    0.04575978
   -0.03077319
    0.04249999
   -0.03420124
    0.03121995
    0.00251134
    0.05989589
    0.08323823
    0.00367119
   -0.03430135
    0.03649090
   -0.03071540
    0.04296737
   -0.03314473
    0.04486262
   -0.03168398
    0.04347945
   -0.04140160
    0.04381452
   -0.00161969
    0.08317732
    0.06593385
    0.00524251
   -0.03400967
    0.03589244
   -0.03089084
    0.04234272
   -0.03382785
    0.04354785
   -0.03217827
    0.04292956
   -0.04183263
    0.04549183
   -0.00238552
    0.08427816
    0.07891077
    0.00739837
   -0.03794823
    0.04910242
   -0.02939309
    0.05112372
   -0.03032018
    0.04566681
   -0.02827791
    0.02697201
   -0.03594262
   -0.00249782
    0.00232464
    0.06580027
    0.08071170
    0.00377561
   -0.04127642
    0.04538059
   -0.03185570
    0.04428661
   -0.03372205
    0.04442834
   -0.03101688
    0.04189471
   -0.03452618
    0.03191063
    0.07609629
    0.10220725
    0.09491853
    0.06761564
    0.10517119
    0.10209095
    0.07042435
    0.10876357
    0.09963566
   -0.50897018
   -0.50433207
   -0.51011132
   -0.51117493
   -0.51026616
   -0.50702070
   -0.16380960
   -0.15418083
   -0.15786147
   -0.15151734
   -0.15710048
   -0.15793348
   -0.15147929
   -0.15013645
   -0.16199855
   -0.15473166
   -0.15428493
   -0.15481443
    0.32849551
    0.32840026
    0.12190590
    0.05284602
    0.12823753
    0.03692373
    0.32964643
    0.32839907
    0.12302924
    0.04428728
    0.12293365
    0.04503130
    0.32981329
    0.32973459
    0.12603787
    0.04414684
    0.12615190
    0.04073568
    0.00054466
    0.07360469
    0.08577131
    0.00240701
   -0.03948986
    0.00160990
   -0.03268266
    0.02030457
   -0.03153870
    0.04789855
   -0.02567788
    0.05547048
   -0.03647021
    0.05405423
    0.00240637
    0.06421208
    0.08104258
    0.00484827
   -0.04088245
    0.04330406
   -0.03158956
    0.04584263
   -0.03366168
    0.04623933
   -0.03092050
    0.04287408
   -0.03410538
    0.03028886
    0.00608260
    0.05709723
    0.08072039
    0.00326224
   -0.03400448
    0.03625479
   -0.03076397
    0.04278180
   -0.03328908
    0.04526984
   -0.03180827
    0.04430771
   -0.04177353
    0.04502122
    0.00144176
    0.08142983
    0.06519917
    0.00527353
   -0.03325739
    0.03045450
   -0.03110555
    0.04240571
   -0.03436673
    0.04447270
   -0.03206369
    0.04418324
   -0.04076160
    0.04460119
    0.00121769
    0.07919500
    0.07531315
    0.00762677
   -0.03782358
    0.04808861
   -0.02986212
    0.05084604
   -0.03020376
    0.04633572
   -0.02635046
    0.02797750
   -0.03538003
   -0.00225863
    0.00359179
    0.06588478
    0.08115915
    0.00349995
   -0.04146161
    0.04523219
   -0.03214242
    0.04477950
   -0.03375814
    0.04455264
   -0.03076020
    0.04148350
   -0.03396815
    0.03027911
    0.07514487
    0.10297796
    0.09615579
    0.07053147
    0.10313061
    0.10040314
    0.07557227
    0.10399510
    0.09704368
