    1.07542403
   -0.55350088
   -0.55407842
   -0.10887524
   -0.10818725
   -0.10898607
   -0.10932107
    0.20583541
    0.04704023
    0.04252509
    0.04615477
    0.04705670
   -0.06228497
    0.05492352
    0.04751892
   -0.06017165
    0.05013551
    0.03886650
   -0.06124466
    0.04323654
    0.05066436
   -0.05603031
    0.04202838
    0.04651670
    0.08675953
    0.07508371
    0.07441936
    0.20472615
    0.04698654
    0.04281765
    0.04809841
    0.04261349
   -0.06106240
    0.05294518
    0.04769595
   -0.06389854
    0.04832251
    0.04968573
   -0.06029677
    0.04299337
    0.04840892
   -0.05609604
    0.04765950
    0.04237096
    0.07867805
    0.08683503
    0.08635752
   -0.55138443
   -0.55467007
   -0.10775304
   -0.10772143
   -0.10722255
   -0.10827759
    0.20452004
    0.04623645
    0.04522830
    0.04825732
    0.04128901
   -0.06240965
    0.05547281
    0.04913636
   -0.06077304
    0.05132184
    0.03997819
   -0.06110616
    0.04511239
    0.04890800
   -0.05291392
    0.03485799
    0.04827135
    0.08599305
    0.07391482
    0.07454598
    0.20522640
    0.04654768
    0.04274310
    0.04271800
    0.05444802
   -0.06239592
    0.05521788
    0.04700977
   -0.06152096
    0.04154090
    0.04976461
   -0.06067936
    0.04385796
    0.04803565
   -0.05565775
    0.04765386
    0.04083872
    0.07744532
    0.08757686
    0.08731266
   -0.55158126
   -0.54992016
   -0.10765222
   -0.10862783
   -0.10912560
   -0.10828744
    0.20488677
    0.04609397
    0.04419703
    0.04953092
    0.03931031
   -0.06091522
    0.05197951
    0.04810352
   -0.06469360
    0.04940453
    0.04951512
   -0.06086897
    0.04377762
    0.04987797
   -0.05575352
    0.04066999
    0.04895639
    0.08537957
    0.07467786
    0.07481866
    0.20422028
    0.04586993
    0.04533959
    0.05047304
    0.03422053
   -0.06369577
    0.05733541
    0.04844161
   -0.06143786
    0.04042885
    0.05084165
   -0.06193140
    0.04368304
    0.05011282
   -0.05987157
    0.04894508
    0.04795159
    0.07910354
    0.08639226
    0.08664234
   -0.54879748
   -0.55208595
   -0.10900852
   -0.10725115
   -0.10646748
   -0.10675025
    0.20416865
    0.04543681
    0.04619030
    0.05071890
    0.03362576
   -0.06409964
    0.05780920
    0.04868666
   -0.06169510
    0.05106090
    0.04058290
   -0.06189918
    0.04480677
    0.04985784
   -0.05661639
    0.04035103
    0.05045760
    0.08455096
    0.07459038
    0.07488226
    0.20443210
    0.04517560
    0.04535313
    0.04683408
    0.04337564
   -0.06233445
    0.05463455
    0.04857417
   -0.06099039
    0.03942710
    0.05036362
   -0.06113266
    0.04464417
    0.04860095
   -0.05777685
    0.04901805
    0.04429445
    0.07716462
    0.08792658
    0.08807339
   -0.51346575
   -0.51719062
   -0.51926303
   -0.50950852
