   -0.48043222
   -0.45421236
   -0.15543949
   -0.14977031
   -0.14575857
   -0.15831892
    0.32789687
    0.10573900
    0.07125166
    0.32536516
    0.10594268
    0.06902065
    0.06811987
    0.09324276
    0.09440799
   -0.01251468
    0.08881863
    0.11714276
    0.02851105
   -0.02291560
    0.09171508
   -0.01530044
   -0.01845436
    0.08826111
   -0.01259907
   -0.02472599
    0.10170574
   -0.01832700
    0.11035065
    0.11183571
    0.03206823
   -0.02679000
    0.07824433
   -0.01717737
   -0.02218323
    0.09168529
   -0.01112486
   -0.02597853
    0.09957483
   -0.20202093
   -0.21431619
   -0.20437898
    0.48689284
   -0.20935407
   -0.20484346
   -0.20620035
    0.48756013
   -0.21984539
   -0.20058156
   -0.20342823
    0.48728493
   -0.19913766
   -0.21002343
    0.48712686
   -0.47984139
   -0.45377517
   -0.15548497
   -0.14960504
   -0.14589738
   -0.15818529
    0.32788302
    0.10549562
    0.07141500
    0.32549448
    0.10581963
    0.06862001
    0.06823886
    0.09256622
    0.09441414
   -0.01233568
    0.08834904
    0.11779301
    0.02858725
   -0.02321166
    0.09123146
   -0.01560010
   -0.01898396
    0.08981880
   -0.01277830
   -0.02405703
    0.10099576
   -0.01792781
    0.11027794
    0.11108146
    0.03214767
   -0.02694588
    0.07827635
   -0.01715322
   -0.02220482
    0.09203959
   -0.01112536
   -0.02599473
    0.09987329
   -0.20217223
   -0.21450497
   -0.20389153
    0.48683174
   -0.20951762
   -0.20529874
   -0.20527741
    0.48743598
   -0.21972862
   -0.20011381
   -0.20400330
    0.48723684
   -0.20616001
   -0.19899444
   -0.21014582
    0.48714863
   -0.48003012
   -0.45379698
   -0.15551111
   -0.14902370
   -0.14617195
   -0.15841429
    0.32790292
    0.10553109
    0.07131801
    0.32542839
    0.10593095
    0.06863594
    0.06794886
    0.09328500
    0.09449703
   -0.01268326
    0.08943720
    0.11764318
    0.02864840
   -0.02304291
    0.09078175
   -0.01541261
   -0.01858657
    0.08857721
   -0.01248490
   -0.02456811
    0.10155732
   -0.01752195
    0.11042414
    0.11012187
    0.03214309
   -0.02713768
    0.07856166
   -0.01718531
   -0.02220873
    0.09197398
   -0.01113441
   -0.02604356
    0.09987719
   -0.20223023
   -0.21452753
   -0.20402678
    0.48691222
   -0.20913543
   -0.20447181
   -0.20641853
    0.48755544
   -0.21995799
   -0.20009057
   -0.20377742
    0.48723782
   -0.20627360
   -0.19879984
   -0.21010733
    0.48717218
   -0.47984812
   -0.45374955
   -0.15563436
   -0.14933278
   -0.14621102
   -0.15805962
    0.32786191
    0.10550963
    0.07158399
    0.32548981
    0.10598265
    0.06844405
    0.06818196
    0.09268137
    0.09440229
   -0.01234221
    0.08856922
    0.11766699
    0.02861747
   -0.02317183
    0.09108121
   -0.01557636
   -0.01896571
    0.08976553
   -0.01273105
   -0.02409180
    0.10105378
   -0.01774926
    0.11053418
    0.11044574
    0.03219593
   -0.02696763
    0.07848257
   -0.01717251
   -0.02205120
    0.09160122
   -0.01100555
   -0.02600504
    0.09994366
   -0.20222661
   -0.21455305
   -0.20385040
    0.48683990
   -0.20944177
   -0.20514964
   -0.20535338
    0.48742490
   -0.21990597
   -0.20007509
   -0.20386291
    0.48725948
   -0.20650379
   -0.19869353
   -0.21009473
    0.48715241
   -0.47998336
   -0.45370748
   -0.15545606
   -0.14918982
   -0.14608100
   -0.15827677
    0.32791282
    0.10537594
    0.07127335
    0.32545913
    0.10577026
    0.06857596
    0.06795425
    0.09351509
    0.09454657
   -0.01273197
    0.08953703
    0.11742926
    0.02862850
   -0.02312768
    0.09141382
   -0.01539988
   -0.01851094
    0.08829877
   -0.01249696
   -0.02460853
    0.10146162
   -0.01778825
    0.11032163
    0.11062724
    0.03207544
   -0.02705107
    0.07860969
   -0.01715638
   -0.02223962
    0.09199933
   -0.01119016
   -0.02606630
    0.09980438
   -0.20198822
   -0.21448909
   -0.20429538
    0.48689714
   -0.20912302
   -0.20456965
   -0.20636908
    0.48752423
   -0.21979398
   -0.20029080
   -0.20365523
    0.48721350
   -0.20611912
   -0.19901652
   -0.21016477
    0.48716858
   -0.48024577
   -0.45402074
   -0.15556560
   -0.14956483
   -0.14591156
   -0.15809995
    0.32790238
    0.10554775
    0.07142202
    0.32541818
    0.10589471
    0.06874186
    0.06811662
    0.09322572
    0.09451509
   -0.01249279
    0.08885736
    0.11727906
    0.02850977
   -0.02300150
    0.09163037
   -0.01537209
   -0.01864590
    0.08881949
   -0.01266246
   -0.02455396
    0.10141947
   -0.01820085
    0.11070334
    0.11131109
    0.03202421
   -0.02684865
    0.07856663
   -0.01718422
   -0.02211239
    0.09149123
   -0.01110946
   -0.02604859
    0.09964570
   -0.20206177
   -0.21434483
   -0.20427620
    0.48687209
   -0.20938358
   -0.20493013
   -0.20585402
    0.48747559
   -0.21982772
   -0.20059402
   -0.20334223
    0.48727237
   -0.20630654
   -0.19896006
   -0.21006993
    0.48713578
   -0.20610572
   -0.98904635
