   -0.90253518
   -0.15599487
    0.25954431
   -0.49695318
    0.06383935
   -0.23250908
    0.06391058
    0.25958153
   -0.49698250
   -0.15619441
    0.00904389
    0.06050805
    0.06168428
   -0.06998596
    0.05810848
    0.06033588
    0.00919778
    0.06116929
    0.06101274
   -0.15627361
    0.25956244
   -0.49680605
    0.06377037
   -0.23278951
    0.06385269
    0.25942552
   -0.49706162
   -0.15611300
    0.00905506
    0.06083459
    0.06148614
   -0.07000031
    0.06021265
    0.05823998
    0.00902245
    0.06161005
    0.06082356
   -0.03191993
    0.06048253
   -0.01590914
    0.05581040
   -0.03193353
    0.06037115
   -0.03195219
    0.06078927
   -0.01592991
    0.05597344
   -0.03188706
    0.06045357
    0.21746367
    0.21745772
    0.21758473
    0.21751293
