   -0.48470640
   -0.48448124
   -0.07373515
    0.18203723
   -0.16767091
    0.19348586
   -0.24417016
   -0.07537149
    0.18610855
   -0.07982843
    0.18853665
   -0.25928272
   -0.16198630
    0.18822870
   -0.10984111
    0.18257647
    0.02853459
   -0.01978787
   -0.02798827
   -0.00281571
    0.27406894
    0.06254654
    0.08284145
   -0.05299149
    0.02346119
   -0.03867127
    0.03781382
   -0.04329961
    0.04205763
   -0.05292025
    0.04033675
    0.08559093
   -0.00352519
    0.02141165
   -0.01715251
   -0.03173764
    0.04040387
   -0.02939787
    0.06857510
    0.04364534
   -0.03473962
   -0.02530779
    0.01247475
    0.07008606
    0.00493926
    0.06522120
    0.06297642
   -0.04943091
    0.04783693
   -0.04370126
    0.03163000
   -0.04393870
    0.03087259
   -0.05444341
    0.02202318
    0.26341565
   -0.00798493
   -0.01738110
   -0.02332356
    0.02927298
   -0.10834757
    0.04746460
    0.05308473
    0.05427327
    0.01214034
   -0.03914785
    0.04094856
   -0.03356862
    0.03960444
   -0.03477160
    0.03817631
   -0.03032993
    0.03362286
   -0.03499093
    0.02388691
   -0.05231687
    0.02621023
    0.04372439
   -0.04521258
    0.03064759
    0.03123075
   -0.10129879
    0.03066825
    0.03177912
    0.04309996
   -0.10327547
    0.04693503
    0.03582831
    0.04853470
    0.00766081
   -0.04385984
    0.03505235
   -0.04386426
    0.03825929
    0.01648737
   -0.03861602
    0.03220112
   -0.03535603
    0.03047777
   -0.11369138
    0.04828120
    0.04581518
    0.05189214
   -0.10910779
    0.04695548
    0.05328915
    0.04210320
   -0.05846384
    0.04659709
    0.03059195
   -0.05038774
   -0.10629440
    0.03817239
    0.03383890
    0.04041605
    0.02358623
   -0.02457630
    0.02697363
   -0.03140028
    0.02665284
   -0.03598387
    0.03119740
   -0.03481428
    0.03326138
   -0.03695714
    0.03310316
   -0.11015363
    0.04871568
    0.04873678
    0.05501591
    0.86345977
    0.03734950
    0.02377897
   -0.53982468
   -0.45876631
   -0.51539018
   -0.48241230
