   -0.25224843
   -0.24896278
   -0.24981228
   -0.25232228
   -0.25079126
   -0.25001410
   -0.25545423
   -0.25031806
   -0.33576907
   -0.33536146
   -0.32736474
   -0.33033250
   -0.33167747
   -0.33229271
   -0.33432049
   -0.33255304
    0.13572906
   -0.00856156
   -0.10820057
    0.13470453
   -0.06138097
   -0.02894183
    0.37018897
   -0.04844660
    0.15067528
   -0.08926480
    0.15078514
   -0.07155393
    0.03600869
   -0.01010656
   -0.06925271
    0.04613459
    0.13348458
   -0.00368298
   -0.11595641
    0.13494127
   -0.05999440
   -0.03087709
    0.36984113
   -0.04651847
    0.15136882
   -0.08633369
    0.15200175
   -0.07252066
    0.04136715
   -0.00683793
   -0.07047056
    0.13353830
   -0.00138819
   -0.11859581
    0.13396008
   -0.04522666
   -0.03097796
    0.36995776
   -0.05809932
    0.15151931
   -0.08676499
    0.15067426
   -0.07144439
    0.04578743
   -0.00667301
   -0.07265332
    0.03874471
    0.13534957
   -0.00333828
   -0.11619348
    0.13347537
   -0.04605832
   -0.03094909
    0.36968338
   -0.05930735
    0.15105174
   -0.08930209
    0.15139485
   -0.06899065
    0.04448915
   -0.01054670
   -0.07213572
    0.03703258
    0.27742819
   -0.03171055
    0.12236945
   -0.07102686
    0.04957390
    0.12305512
   -0.00843486
   -0.04973053
    0.08497553
   -0.01015648
    0.26156981
   -0.00471744
    0.12221130
   -0.07501323
    0.04937617
    0.12222735
   -0.00922844
   -0.05161954
    0.08466722
   -0.00951964
    0.26311970
    0.12244941
   -0.07120685
    0.04830162
    0.12206623
   -0.00836912
   -0.04989469
    0.08856910
   -0.00817416
    0.27609237
   -0.03157490
    0.12097053
   -0.07235260
    0.04943469
    0.12074501
   -0.00817791
   -0.04489950
    0.08645396
   -0.00767789
   -0.01354089
    0.06732911
   -0.01550500
    0.07489061
   -0.01204188
    0.06652849
   -0.01454070
    0.07051077
   -0.06774982
    0.06522876
    0.06933798
   -0.10390164
    0.10731190
    0.07947004
    0.36869256
   -0.48474473
   -0.40809901
   -0.06623387
    0.06765666
    0.07931737
   -0.09246746
    0.06372170
    0.09671186
    0.37890226
   -0.48661434
   -0.38870176
   -0.06754585
    0.06768570
    0.06681838
   -0.10052473
    0.09186295
    0.08731317
    0.37204212
   -0.47951039
   -0.41631401
   -0.06908386
    0.07106262
    0.06861231
   -0.10482452
    0.08438255
    0.11548242
    0.37113835
   -0.48465447
   -0.41927042
    0.41877537
    0.42325449
    0.43087509
    0.38884086
    0.10376579
    0.10319745
    0.10467496
   -0.46155753
    0.07914766
    0.09682453
    0.08179990
    0.09300022
    0.09704149
    0.07855502
    0.09673308
    0.08750347
   -0.45982812
   -0.46081873
   -0.45803980
   -0.40170224
    0.41231638
   -0.40315960
    0.41258996
   -0.40204009
    0.41305938
   -0.40171040
    0.41230178
   -0.00695421
    0.10603131
    0.04200651
    0.07899182
    0.08359558
    0.04860220
    0.08116897
    0.08482226
    0.05289400
    0.07951022
    0.04757894
    0.08298910
    0.07032250
    0.03952679
    0.07257873
   -0.52277243
    1.08876268
   -0.50822667
   -0.52225376
   -0.51963522
