   -0.51353509
   -0.49941572
   -0.50801644
   -0.50172602
   -0.51314657
   -0.50397626
   -0.15053366
   -0.14192759
   -0.14884545
   -0.14546654
   -0.14526409
   -0.14570905
   -0.14721493
   -0.14092907
   -0.14670731
   -0.14627034
   -0.14072847
   -0.14076531
    0.32555493
    0.32334951
    0.11180466
    0.06121237
    0.10996687
    0.06320065
    0.32472096
    0.31999974
    0.10957322
    0.06564842
    0.10963180
    0.06352387
    0.32584127
    0.31936513
    0.10842542
    0.06760527
    0.10912777
    0.06612912
   -0.01009236
    0.07616937
    0.07194162
    0.07900310
    0.06565476
    0.10566353
    0.10365507
    0.06461493
    0.10184242
    0.10404317
    0.06662678
    0.10152413
    0.10189667
   -0.01579166
    0.08330742
    0.06701155
    0.08908850
   -0.01032609
    0.07018655
    0.07899602
    0.07056533
   -0.00550702
    0.07853078
    0.09016742
    0.08291282
   -0.00654990
    0.07813671
    0.09286649
    0.07991586
   -0.00625415
    0.08287979
    0.09198060
    0.07876420
   -0.51329353
   -0.49176148
   -0.50961294
   -0.50206841
   -0.50871421
   -0.50332568
   -0.14687390
   -0.14479227
   -0.15088538
   -0.13867807
   -0.14580347
   -0.14636555
   -0.14479921
   -0.14182565
   -0.15038164
   -0.14658348
   -0.14819055
   -0.14673419
    0.32626424
    0.32375684
    0.11161958
    0.06233788
    0.10898252
    0.06121306
    0.32423852
    0.31962084
    0.10883112
    0.06811586
    0.10977790
    0.06219914
    0.32596854
    0.32401164
    0.11126209
    0.06208982
    0.11192237
    0.05895690
   -0.00998938
    0.07023317
    0.07229093
    0.07933504
    0.06565587
    0.10452864
    0.10493527
    0.06484554
    0.10209580
    0.10207331
    0.06809408
    0.10030757
    0.10318900
   -0.00939120
    0.08786447
    0.07616774
    0.09362554
   -0.01106501
    0.07301949
    0.08046004
    0.07071969
   -0.00587656
    0.07841609
    0.09025335
    0.08286371
   -0.01133072
    0.07330583
    0.08497354
    0.07146254
   -0.01359259
    0.08744899
    0.08156120
    0.06858388
    0.05165433
    0.03255390
   -0.34140983
    0.07785403
    0.04761125
    0.04409275
    0.07830971
    0.04834312
   -0.34811920
    0.04655252
    0.07836488
    0.04565417
    0.08013924
    0.04470491
    0.04312305
    0.04239897
   -0.34873172
    0.03424062
    0.04325393
    0.04308948
    0.07189425
    0.04863722
   -0.34214645
    0.03205648
    0.07853047
    0.04630053
    0.08060898
    0.04441739
    0.04353493
    0.04650113
   -0.34984813
    0.07372591
    0.04193913
    0.05778208
    0.08089062
    0.04106438
   -0.34827169
    0.04184234
    0.03413848
    0.04289452
    0.07151809
    0.04273795
   -0.33712818
    0.08038132
    0.03689537
    0.07040585
    0.04300470
    0.05630512
    0.07803772
    0.04887831
   -0.34973617
    0.04702190
    0.07844955
    0.04569518
    0.08094324
    0.04414130
    0.04322177
    0.03975538
   -0.34973698
    0.03434550
    0.04406597
    0.04179641
    0.07598124
    0.04901191
   -0.34209554
    0.03286560
    0.07817901
    0.04644181
    0.08053251
    0.04520216
    0.04329995
    0.04657206
   -0.34979260
    0.07309404
    0.04170223
    0.05885598
    0.08067497
    0.04096605
   -0.34840348
    0.04213396
    0.03397711
    0.04296318
    0.07138040
    0.04280534
    0.07869292
    0.03399612
   -0.33989313
    0.07046554
    0.04389723
    0.05730256
    0.07895970
    0.04596360
   -0.34879300
    0.04718595
    0.07802571
    0.04553841
    0.08029738
    0.04472061
    0.04333310
    0.04117309
   -0.34999247
    0.03364314
    0.04424924
    0.04180309
    0.07686261
    0.07977156
    0.04482424
   -0.34035691
    0.08038378
    0.04498320
    0.03631297
    0.07539831
    0.04428929
   -0.35506854
    0.05712344
    0.07952052
    0.04629178
    0.07671164
    0.04325423
    0.04187731
    0.04725972
   -0.34812796
    0.03476223
    0.04254045
    0.04130779
    0.07204275
   -0.34237294
    0.04890128
    0.03311174
    0.07849772
    0.04646582
    0.04480343
    0.08062334
    0.04321639
   -0.34989602
    0.04652063
    0.07310873
    0.04153116
    0.08075226
    0.05914553
    0.04086569
    0.04216217
   -0.34846186
    0.03404625
    0.04305509
    0.04266395
    0.07139374
    0.08097242
   -0.33764180
    0.03810580
    0.06925507
    0.04368832
    0.07788074
    0.05715648
    0.04831030
    0.04605186
   -0.34990419
    0.07803140
    0.04636108
    0.04478968
    0.07957327
    0.04266563
   -0.34752560
    0.04115271
    0.03373304
    0.04328488
    0.07249459
    0.04266871
    0.04456885
    0.07857706
   -0.33956077
    0.08196954
    0.03450860
    0.04464421
    0.07671764
    0.05462706
   -0.35497102
    0.04550131
    0.08138685
    0.04056128
    0.07799698
    0.04569745
    0.04525416
    0.04400402
   -0.35039546
    0.03262436
    0.04380273
    0.04547214
    0.07230595
   -0.33936455
    0.05946240
    0.05159349
    0.07331578
    0.04846976
    0.05109005
    0.07594163
    0.05249073
   -0.35154301
    0.04570802
    0.07916858
    0.04543531
    0.07995468
    0.04476523
    0.04165122
    0.04250039
   -0.34833193
    0.03431736
    0.04284447
    0.04277346
    0.07179563
   -0.33816102
    0.03571165
    0.07832242
    0.07102502
    0.05601602
    0.04276101
    0.07800663
    0.04677816
   -0.34953961
    0.04883078
    0.07830087
    0.04443462
    0.08075555
    0.04540934
    0.04033479
    0.04319142
   -0.35031452
    0.03377989
    0.04180408
    0.04430485
    0.07697988
   -0.34157206
    0.03773108
    0.04957707
    0.08001757
    0.04077341
    0.04451480
    0.08000824
    0.04615781
   -0.34866749
    0.04670237
    0.07874741
    0.04445022
    0.08026001
    0.04528509
    0.04200827
    0.04313829
   -0.34856715
    0.03404623
    0.04309832
    0.04345469
    0.07217180
   -0.97816259
