   -0.89906768
   -0.24856721
   -0.24852307
   -0.25347911
   -0.25346586
   -0.24857305
   -0.24861821
   -0.25340285
   -0.25344269
   -0.11082838
   -0.09337380
   -0.11093206
   -0.09327460
    0.21933953
    0.22883970
    0.21948751
    0.22888867
    0.01387318
    0.10556274
    0.10553953
    0.01383898
    0.03520641
    0.00830237
    0.10558921
    0.10558420
    0.00833061
    0.03523533
    0.01382332
    0.10552223
    0.10550165
    0.01386687
    0.03522995
    0.00827714
    0.10558732
    0.10555558
    0.00830292
    0.03521639
   -0.12253705
    0.06311677
    0.05086460
    0.05308163
   -0.11312134
    0.05140689
    0.04877908
    0.05473878
   -0.12250074
    0.06314885
    0.05300581
    0.05081422
   -0.11311773
    0.05137829
    0.05471468
    0.04877985
   -0.11307851
    0.05136286
    0.04872138
    0.05472486
   -0.12243742
    0.06314955
    0.05072493
    0.05303299
   -0.11312246
    0.05138081
    0.05471750
    0.04880489
   -0.12250074
    0.06321071
    0.05303237
    0.05077091
