   -0.24831422
   -0.24835620
   -0.25779243
   -0.25730041
   -0.24821847
   -0.25043571
   -0.25023850
   -0.24806473
   -0.25716476
   -0.25794598
   -0.11174540
   -0.08994271
    0.21731510
   -0.10366391
   -0.10257924
   -0.08982522
    0.01643120
    0.10510087
    0.10506855
    0.01621961
    0.03367336
    0.01625120
    0.11171775
    0.10976369
    0.01860031
    0.03349236
    0.01738270
    0.10291639
    0.10297858
    0.01141743
    0.03584178
    0.10282556
    0.01712954
    0.03354130
    0.01839188
    0.01108212
    0.10304577
    0.10968660
    0.11190399
    0.01668882
    0.03368545
   -0.12511036
    0.05095435
    0.05927272
    0.06008140
   -0.11331795
    0.04830165
    0.04903544
    0.05852546
   -0.11557935
    0.04433562
    0.06200079
    0.05254452
   -0.12126095
    0.05865140
    0.05566222
    0.05231999
   -0.10481162
    0.04007828
    0.04550247
    0.04506911
   -0.10933559
    0.05737139
    0.04703370
    0.04665676
   -0.11579814
    0.04399376
    0.05258596
    0.06266978
   -0.12114965
    0.05744918
    0.05310648
    0.05614070
   -0.12500512
    0.05105194
    0.06003338
    0.05912928
   -0.11335401
    0.04815928
    0.05861528
    0.04912408
    0.21995842
    0.21751423
    0.21896611
    0.21948492
   -0.88722132
