   -0.50075900
   -0.50624812
   -0.50081963
   -0.50640869
   -0.16218256
   -0.00098297
    0.01927690
    0.05454534
    0.00508106
    0.06767169
    0.04888593
   -0.15254282
    0.21796844
    0.25814174
    0.06288661
   -0.23323052
   -0.03053522
    0.05858283
   -0.00953574
    0.05201032
   -0.02522253
    0.06030619
    0.06696578
    0.26058011
   -0.13674827
    0.22167235
   -0.00136722
    0.05323700
    0.08674660
    0.00244180
    0.02191114
    0.04194659
   -0.16214317
   -0.00100477
    0.01931640
    0.05460622
    0.00510321
    0.06771257
    0.04882397
   -0.15252667
    0.21808516
    0.25812610
    0.06287352
   -0.23314125
   -0.03057122
    0.05862367
   -0.00964647
    0.05202494
   -0.02526104
    0.06040930
    0.06697724
    0.26062552
   -0.13679925
    0.22185855
   -0.00114641
    0.05320464
    0.08636504
    0.00253914
    0.02166064
    0.04211974
    0.00698558
   -0.00497602
    0.06899083
    0.00676056
   -0.00477326
    0.06903045
   -0.50071185
   -0.50610407
   -0.50076784
   -0.50628736
   -0.16223130
   -0.00100213
    0.01929894
    0.05454233
    0.00505146
    0.06770422
    0.04892443
   -0.15255972
    0.21794593
    0.25814077
    0.06288964
   -0.23328176
   -0.03055281
    0.05861762
   -0.00954831
    0.05203017
   -0.02519683
    0.06033180
    0.06696397
    0.26059662
   -0.13659841
    0.22155129
   -0.00142228
    0.05327616
    0.08683867
    0.00242256
    0.02189315
    0.04203086
   -0.16219583
   -0.00102649
    0.01934533
    0.05460267
    0.00507728
    0.06772920
    0.04887748
   -0.15254800
    0.21807175
    0.25812737
    0.06287174
   -0.23319181
   -0.03058605
    0.05865022
   -0.00966390
    0.05204689
   -0.02525298
    0.06043317
    0.06698076
    0.26064109
   -0.13666941
    0.22174531
   -0.00118655
    0.05320892
    0.08644965
    0.00253339
    0.02162620
    0.04219077
    0.00696971
   -0.00499133
    0.06906774
    0.00673697
   -0.00478634
    0.06912569
   -0.89090509
