   -0.88876292
   -0.24735417
   -0.24751325
   -0.25023866
   -0.25027688
   -0.24758155
   -0.24740146
   -0.25029629
   -0.25031996
   -0.10647869
   -0.10061168
   -0.10659697
   -0.09941710
    0.22406013
    0.22966763
    0.22428997
    0.22943247
    0.01067510
    0.10557528
    0.10541238
    0.01052423
    0.03363218
    0.00731265
    0.10561206
    0.10556029
    0.00741443
    0.03364041
    0.01051962
    0.10541435
    0.10556876
    0.01058786
    0.03368226
    0.00736838
    0.10566569
    0.10566030
    0.00739024
    0.03368918
   -0.11997123
    0.05684687
    0.05077979
    0.05270493
   -0.11322963
    0.05558956
    0.04817658
    0.05250214
   -0.12019869
    0.05712787
    0.05265966
    0.05076598
   -0.11328908
    0.05573389
    0.05232973
    0.04822854
   -0.11352028
    0.05560419
    0.04857044
    0.05260394
   -0.12047028
    0.05683536
    0.05135201
    0.05293010
   -0.11349205
    0.05549421
    0.05274714
    0.04849093
   -0.12036209
    0.05685932
    0.05293485
    0.05115906
