   -0.28702051
   -0.32552063
   -0.31832987
   -0.32410179
   -0.31228889
    0.07616329
    0.03726185
    0.03641454
    0.06894417
    0.06951056
   -0.09162968
   -0.09144258
    0.16803130
   -0.09206506
    0.16926279
   -0.09120101
    0.16760828
    0.02618566
   -0.08661616
    0.00539981
   -0.08644779
    0.00571914
    0.02402560
    0.02210250
    0.02449260
   -0.08716550
    0.00629648
   -0.08744046
    0.00590610
    0.02699758
    0.01729596
    0.02598820
   -0.08674729
    0.00534464
   -0.08656019
    0.00569258
    0.02391061
    0.02207815
    0.02435500
   -0.08713793
    0.00645884
   -0.08734365
    0.00612626
    0.02691478
    0.01729381
   -0.09720912
    0.03970460
    0.02503172
    0.02550518
   -0.10716945
    0.03680477
    0.03645740
    0.04164307
   -0.10508515
    0.03714256
    0.03766349
    0.04780795
   -0.10708884
    0.04159551
    0.03676714
    0.03649778
   -0.09663073
    0.02482305
    0.02521573
    0.03956891
   -0.10516399
    0.03756504
    0.03739058
    0.04770339
    0.01650693
   -0.03347605
    0.03042355
   -0.06395763
    0.02202413
    0.13825336
   -0.05376296
    0.03214061
   -0.03183220
    0.03286119
    0.08174061
    0.04131990
    0.03580338
    0.08086496
    0.04441653
    0.02778694
    0.07243515
    0.03700740
    0.03565554
    0.06754692
    0.04877970
    0.07347310
    0.08199115
    0.03344344
    0.08070087
    0.03593697
    0.03982172
    0.08075966
    0.03545494
    0.04642423
    0.08274836
    0.03917913
    0.04685939
    0.13956164
   -0.05213875
    0.03203082
   -0.03131427
    0.03255331
    0.01560068
   -0.03461452
    0.03047587
   -0.06536821
    0.02264009
   -0.91926015
   -0.29658915
    0.04602039
    0.16837912
    0.04342945
