    0.10582793
    0.06307763
   -0.15333989
    0.32653532
   -0.51348199
   -0.14049196
    0.10411131
    0.06514624
   -0.15184257
    0.32555613
   -0.52274096
   -0.15295598
   -0.04790666
    0.08005021
    0.08178432
    0.06394936
    0.04081152
    0.06264122
   -0.11173873
    0.04206483
    0.05917910
    0.06773794
    0.00140567
   -0.03577535
    0.04440577
   -0.03198708
    0.03988276
   -0.03411387
    0.04152479
   -0.03294503
    0.03998292
   -0.04284875
    0.04137878
    0.06920368
    0.10403619
    0.10227945
    0.11535487
    0.04484024
   -0.15586379
    0.32722926
   -0.51131094
   -0.14341261
    0.11432642
    0.04597488
   -0.14996788
    0.33014782
   -0.51408972
   -0.15093287
   -0.04754814
    0.08104297
    0.08079038
    0.06465399
    0.04138041
    0.06216707
   -0.11179722
    0.04182344
    0.05952582
    0.06799500
    0.00132162
   -0.03582464
    0.04462095
   -0.03181623
    0.04033197
   -0.03397456
    0.04198135
   -0.03293588
    0.04019592
   -0.04258705
    0.04057580
    0.06830319
    0.09715140
    0.09882140
    0.10575949
    0.06340567
   -0.15304888
    0.32650427
   -0.51361758
   -0.14061715
    0.10427868
    0.06497913
   -0.15185768
    0.32559250
   -0.52305294
   -0.15301032
   -0.04788603
    0.08011817
    0.08174295
    0.06388543
    0.04095920
    0.06265303
   -0.11180768
    0.04245472
    0.05928419
    0.06789425
    0.00134306
   -0.03568660
    0.04369713
   -0.03193929
    0.03993632
   -0.03405732
    0.04170208
   -0.03291272
    0.04012773
   -0.04272273
    0.04115896
    0.06922235
    0.10408807
    0.10220335
    0.11548024
    0.04444138
   -0.15587201
    0.32722205
   -0.51128616
   -0.14334328
    0.11425292
    0.04624936
   -0.14992320
    0.33005779
   -0.51403072
   -0.15095180
   -0.04752947
    0.08105188
    0.08082187
    0.06460068
    0.04144689
    0.06204332
   -0.11179709
    0.04184698
    0.05954215
    0.06804658
    0.00132481
   -0.03578438
    0.04451646
   -0.03180724
    0.04031655
   -0.03398719
    0.04197089
   -0.03293139
    0.04021473
   -0.04259248
    0.04073877
    0.06815661
    0.09735325
    0.09898102
    0.10578519
    0.06315607
   -0.15337596
    0.32652246
   -0.51348077
   -0.14050435
    0.10416065
    0.06498956
   -0.15186232
    0.32553387
   -0.52288368
   -0.15301386
   -0.04792640
    0.08015594
    0.08166538
    0.06398686
    0.04089051
    0.06246235
   -0.11177305
    0.04212385
    0.05920217
    0.06780394
    0.00137753
   -0.03580710
    0.04455040
   -0.03196578
    0.03989699
   -0.03406895
    0.04155300
   -0.03294175
    0.03997166
   -0.04291282
    0.04148505
    0.06915577
    0.10411910
    0.10235675
    0.11540388
    0.04471678
   -0.15587413
    0.32725425
   -0.51112422
   -0.14341037
    0.11438086
    0.04581942
   -0.14986745
    0.33000522
   -0.51404935
   -0.15094616
   -0.04751773
    0.08097075
    0.08084291
    0.06467620
    0.04149803
    0.06194565
   -0.11178889
    0.04169998
    0.05958391
    0.06800038
    0.00129936
   -0.03578833
    0.04438552
   -0.03178895
    0.04027900
   -0.03399527
    0.04189999
   -0.03295496
    0.04019806
   -0.04260757
    0.04101663
    0.06842976
    0.09722296
    0.09894997
    1.09476648
   -0.51742359
   -0.51731995
   -0.51699568
   -0.51069501
