   -0.51715415
   -0.50179457
   -0.51170134
   -0.50455836
   -0.51628328
   -0.50675567
   -0.14778215
   -0.14012946
   -0.14830844
   -0.14535936
   -0.14350014
   -0.14405454
   -0.14720528
   -0.14096886
   -0.14453633
   -0.14481500
   -0.14044265
   -0.14038384
    0.32623546
    0.32362466
    0.11013063
    0.06327876
    0.10809979
    0.06633902
    0.32538656
    0.31994765
    0.10807622
    0.06763707
    0.10813669
    0.06597273
    0.32612344
    0.31934794
    0.10662148
    0.07051741
    0.10760462
    0.06826292
   -0.00993472
    0.07366763
    0.07306516
    0.08043090
    0.06610505
    0.10340307
    0.10152888
    0.06512587
    0.09949474
    0.10147844
    0.06736130
    0.09935127
    0.09955880
   -0.01472767
    0.08243087
    0.06712710
    0.08827844
   -0.01067095
    0.06986794
    0.08143720
    0.07088439
   -0.00471617
    0.07872207
    0.08971926
    0.08117625
   -0.00612987
    0.07835074
    0.09333379
    0.07848199
   -0.00573635
    0.08149087
    0.09195475
    0.07892305
   -0.51589824
   -0.49392842
   -0.51301408
   -0.50456531
   -0.51238846
   -0.50622227
   -0.14508192
   -0.14294407
   -0.15068799
   -0.13867071
   -0.14378494
   -0.14486242
   -0.14486258
   -0.14133638
   -0.14851825
   -0.14457939
   -0.14737174
   -0.14678320
    0.32643405
    0.32370878
    0.10985049
    0.06349835
    0.10723859
    0.06344919
    0.32458282
    0.31961881
    0.10712578
    0.06950720
    0.10825028
    0.06508201
    0.32637999
    0.32392739
    0.10979009
    0.06344134
    0.11020734
    0.06239878
   -0.00981640
    0.06929601
    0.07237481
    0.08020339
    0.06594215
    0.10249393
    0.10317925
    0.06504380
    0.10045337
    0.10001673
    0.06814239
    0.09863686
    0.10142598
   -0.00909515
    0.08800565
    0.07664541
    0.09206695
   -0.01096988
    0.07173274
    0.08160449
    0.07099474
   -0.00539517
    0.07851265
    0.09035218
    0.08177257
   -0.01133609
    0.07349299
    0.08606492
    0.07080306
   -0.01343658
    0.08644587
    0.08227442
    0.06874591
    0.05099896
    0.03246575
   -0.34188596
    0.07814042
    0.04740101
    0.04383318
    0.07845783
    0.04823495
   -0.34827383
    0.04631044
    0.07845500
    0.04562554
    0.08017774
    0.04462574
    0.04313041
    0.04234506
   -0.34875073
    0.03426801
    0.04324984
    0.04307957
    0.07187871
    0.04841012
   -0.34249762
    0.03201347
    0.07885009
    0.04613276
    0.08064895
    0.04401533
    0.04355564
    0.04627054
   -0.34991888
    0.07409304
    0.04194600
    0.05716877
    0.08097606
    0.04108730
   -0.34818924
    0.04179183
    0.03423486
    0.04283771
    0.07151826
    0.04268579
   -0.33759436
    0.07978993
    0.03668012
    0.07106334
    0.04246118
    0.05607711
    0.07823303
    0.04863115
   -0.35000444
    0.04690942
    0.07867396
    0.04578770
    0.08119289
    0.04386370
    0.04307690
    0.03942047
   -0.34954747
    0.03461662
    0.04396496
    0.04193267
    0.07547483
    0.04881119
   -0.34261137
    0.03268912
    0.07841728
    0.04650629
    0.08062792
    0.04474466
    0.04341365
    0.04610879
   -0.34973470
    0.07352144
    0.04188365
    0.05798289
    0.08077884
    0.04114924
   -0.34833052
    0.04195062
    0.03409286
    0.04288712
    0.07140962
    0.04276159
    0.07753709
    0.03400687
   -0.34008960
    0.07114812
    0.04312491
    0.05656197
    0.07887179
    0.04674339
   -0.34904763
    0.04678769
    0.07817614
    0.04557956
    0.08038510
    0.04444721
    0.04335015
    0.04096061
   -0.34986917
    0.03394335
    0.04433063
    0.04189604
    0.07608889
    0.07902701
    0.04451742
   -0.34048224
    0.08089329
    0.04388563
    0.03612667
    0.07560093
    0.04443406
   -0.35487734
    0.05665606
    0.07919868
    0.04707755
    0.07791050
    0.04307334
    0.04211391
    0.04438366
   -0.34762253
    0.03445757
    0.04275188
    0.04178694
    0.07227685
   -0.34274172
    0.04904888
    0.03289646
    0.07881735
    0.04635060
    0.04444402
    0.08069121
    0.04319182
   -0.34995014
    0.04630007
    0.07340584
    0.04165975
    0.08084249
    0.05855226
    0.04094090
    0.04203419
   -0.34849339
    0.03411654
    0.04295012
    0.04273529
    0.07141848
    0.07988096
   -0.33780432
    0.03770138
    0.07019590
    0.04200492
    0.07809151
    0.05659934
    0.04790462
    0.04662937
   -0.35068640
    0.07823466
    0.04629685
    0.04520707
    0.07967945
    0.04217425
   -0.34719911
    0.04083519
    0.03381208
    0.04337845
    0.07282218
    0.04214674
    0.04405695
    0.07780870
   -0.34020464
    0.08209840
    0.03510480
    0.04419390
    0.07676237
    0.05515017
   -0.35516471
    0.04490002
    0.08163138
    0.04051098
    0.07832541
    0.04549515
    0.04484697
    0.04384606
   -0.35046101
    0.03269237
    0.04379909
    0.04545804
    0.07230979
   -0.34018190
    0.05901130
    0.05081247
    0.07360000
    0.04840327
    0.05120911
    0.07595717
    0.05219216
   -0.35165610
    0.04552820
    0.07926444
    0.04530498
    0.08000650
    0.04469105
    0.04161222
    0.04250497
   -0.34842194
    0.03435203
    0.04285271
    0.04277062
    0.07176239
   -0.33878793
    0.03575027
    0.07762115
    0.07167196
    0.05535792
    0.04264030
    0.07813812
    0.04651630
   -0.34963702
    0.04884318
    0.07846402
    0.04417436
    0.08085280
    0.04538417
    0.04024462
    0.04323057
   -0.35029414
    0.03404073
    0.04190499
    0.04435317
    0.07635108
   -0.34141317
    0.03782915
    0.04843670
    0.08024867
    0.04078728
    0.04392825
    0.08003596
    0.04660883
   -0.34885134
    0.04638124
    0.07887563
    0.04446267
    0.08036396
    0.04511778
    0.04191040
    0.04300552
   -0.34858798
    0.03415810
    0.04303577
    0.04337250
    0.07212703
   -0.93189933
