   -0.34885076
   -0.34879324
   -0.34960097
   -0.34840401
   -0.34734082
   -0.34554815
   -0.34650226
   -0.34803689
   -0.16519411
    0.31114532
    0.31557984
    0.30309327
   -0.15709280
    0.31529872
    0.30680760
    0.29769510
   -0.16468657
    0.29736619
    0.32206303
    0.30792699
   -0.16660442
    0.30807716
    0.31298241
    0.30406579
    0.23529083
    0.00516536
    0.05737624
    0.12203342
   -0.07693472
    0.04169257
    0.12262960
    0.23528234
    0.00556778
    0.05719940
    0.12267482
   -0.07651775
    0.04194468
    0.12289875
    0.23411664
    0.05808210
    0.00423125
    0.12288138
   -0.07624679
    0.04230570
    0.12324606
    0.23478038
    0.00420777
    0.05734412
    0.12217755
   -0.07684210
    0.04120731
    0.12272272
   -0.01880538
    0.06125799
   -0.00201113
   -0.06132899
    0.13206027
   -0.00393939
   -0.01938946
    0.06007536
   -0.00161208
   -0.06275689
    0.13303570
   -0.00372809
   -0.01976779
    0.06463716
   -0.00140641
   -0.06226575
    0.13381039
   -0.00362550
   -0.01933749
    0.06358723
   -0.00206574
   -0.06182770
    0.13123705
   -0.00416400
   -0.09902804
    0.09622481
    0.07988146
   -0.08615756
    0.06047818
    0.06228210
   -0.04108714
    0.10572213
    0.11386056
   -0.09260468
    0.09391775
    0.07176056
   -0.08548285
    0.05531534
    0.07190589
   -0.04302647
    0.11704078
    0.10236802
   -0.09098633
    0.08826362
    0.07213946
   -0.08978963
    0.05828475
    0.07016589
   -0.05172539
    0.13386351
    0.11751870
   -0.09928261
    0.09110498
    0.08387671
   -0.08737578
    0.06226292
    0.06273546
   -0.04631401
    0.10743211
    0.11839339
    1.10987594
   -0.51622205
   -0.49674238
   -0.50463025
   -0.50385309
