   -0.97209504
   -0.05165841
   -0.05571831
   -0.05166460
    0.00706155
   -0.06072125
    0.14378243
   -0.07202887
    0.00548489
    0.05271279
   -0.04683173
    0.02568763
   -0.05134979
    0.05273439
    0.00552368
   -0.07201808
    0.14380564
   -0.06073654
    0.00702298
   -0.13898380
   -0.19264720
    0.05281463
   -0.01634185
    0.09007214
   -0.19279190
   -0.14009435
    0.09032928
   -0.01616144
    0.05290885
    0.02863827
    0.04983852
    0.02859462
    0.06640018
    0.05601435
    0.07670647
    0.08368316
    0.05612890
    0.06629546
    0.04302772
    0.04319458
    0.05315350
    0.05325174
   -0.01585782
    0.04305397
   -0.01606199
    0.04298064
    0.08992337
    0.08961491
   -0.13795973
   -0.19047104
   -0.13908823
   -0.19059602
    0.05279706
   -0.05140062
   -0.04692194
   -0.05579047
    0.05283872
    0.02569007
    0.07684584
    0.04930361
    0.08381334
    0.02700567
    0.02704160
   -0.11963986
    0.04330172
    0.04304519
    0.05311076
   -0.11609729
    0.04377551
    0.05467001
    0.03842122
   -0.11571392
    0.04352859
    0.03796085
    0.05503474
   -0.11598102
    0.05490080
    0.04377393
    0.03834402
   -0.11961348
    0.05314640
    0.04331369
    0.04299717
   -0.11576600
    0.05498609
    0.03793639
    0.04345522
   -0.27802702
   -0.27809387
    0.07486695
    0.05137598
    0.07888597
    0.05076204
    0.07491203
    0.07883718
    0.05115697
    0.05091501
    0.04343620
   -0.32410614
    0.04387015
    0.07755365
    0.04310920
    0.07818306
    0.04321279
    0.04172108
    0.04185576
   -0.32574922
    0.07768869
    0.03984454
    0.04009954
    0.07875194
    0.03855411
   -0.32617618
    0.03874059
    0.03037502
    0.03909372
    0.07176623
    0.03905674
    0.04354250
   -0.32431230
    0.04381720
    0.07746277
    0.04322473
    0.07825629
    0.04318565
    0.04175858
    0.04176638
   -0.32560963
    0.07769576
    0.04001418
    0.03989582
    0.07870155
    0.03867586
   -0.32626118
    0.03869546
    0.03037967
    0.03914844
    0.07176188
    0.03905080
