   -0.51180225
   -0.50261843
   -0.51590784
   -0.50586642
   -0.51196556
   -0.50910824
   -0.15289068
   -0.14700009
   -0.15895208
   -0.14508537
   -0.15410248
   -0.15220904
   -0.15345783
   -0.14656290
   -0.15121625
   -0.14988516
   -0.14910069
   -0.14699299
    0.32944049
    0.32819835
    0.10927381
    0.05816885
    0.10485215
    0.06357488
    0.32614641
    0.32759128
    0.10747348
    0.05921986
    0.10582268
    0.06630256
    0.32919819
    0.32682464
    0.10615258
    0.06347893
    0.10929430
    0.05798414
   -0.00263640
    0.06921031
    0.08677418
    0.00080261
   -0.04215589
    0.03640912
   -0.03244498
    0.02333324
   -0.03262007
    0.04257777
   -0.02992042
    0.04837653
   -0.03564267
    0.04964282
   -0.00205196
    0.06727076
    0.08237324
    0.00497126
   -0.04150918
    0.03765066
   -0.03233763
    0.04256166
   -0.03343540
    0.04512479
   -0.03046468
    0.04363846
   -0.03458037
    0.03883160
    0.00258428
    0.05817038
    0.07489502
    0.00276018
   -0.03549782
    0.04569684
   -0.03074510
    0.04394339
   -0.03249674
    0.04492816
   -0.03166991
    0.04197323
   -0.04189736
    0.04194947
   -0.00080388
    0.08086989
    0.06788981
    0.00457639
   -0.03456268
    0.03836471
   -0.03110219
    0.04303918
   -0.03391891
    0.04406927
   -0.03213792
    0.04314757
   -0.04108142
    0.04074416
   -0.00090481
    0.06527341
    0.09553356
    0.00545429
   -0.03511485
    0.04565868
   -0.03098402
    0.04948713
   -0.03566080
    0.04114711
   -0.03416007
    0.03381700
   -0.03765347
    0.01542064
   -0.00189609
    0.07150432
    0.07736085
    0.00454048
   -0.04108717
    0.04092613
   -0.03237568
    0.04286162
   -0.03377956
    0.04377385
   -0.03109383
    0.04254066
   -0.03519179
    0.04067234
    0.07167603
    0.10073904
    0.09565737
    0.06862362
    0.10367110
    0.09522126
    0.07083806
    0.10339324
    0.09488136
   -0.51206514
   -0.50264203
   -0.51583939
   -0.50584755
   -0.51187449
   -0.50900520
   -0.15299587
   -0.14706644
   -0.15874600
   -0.14525347
   -0.15405403
   -0.15223034
   -0.15351107
   -0.14646285
   -0.15126378
   -0.14996921
   -0.14941247
   -0.14650350
    0.32946035
    0.32815402
    0.10927270
    0.05822364
    0.10488922
    0.06355041
    0.32613539
    0.32758283
    0.10740701
    0.05936712
    0.10576953
    0.06627048
    0.32917529
    0.32681087
    0.10621856
    0.06353074
    0.10937829
    0.05776939
   -0.00265629
    0.06923194
    0.08673506
    0.00084726
   -0.04219549
    0.03639813
   -0.03242460
    0.02327561
   -0.03258976
    0.04257192
   -0.02989390
    0.04832475
   -0.03557168
    0.04970649
   -0.00199245
    0.06706956
    0.08237260
    0.00494899
   -0.04150044
    0.03765267
   -0.03232498
    0.04256336
   -0.03343190
    0.04514024
   -0.03046814
    0.04364222
   -0.03459523
    0.03884057
    0.00255957
    0.05815903
    0.07491585
    0.00277928
   -0.03548473
    0.04564484
   -0.03074559
    0.04393234
   -0.03249802
    0.04491843
   -0.03167151
    0.04198814
   -0.04187317
    0.04187655
   -0.00075065
    0.08091565
    0.06768191
    0.00455277
   -0.03455847
    0.03834776
   -0.03109946
    0.04304029
   -0.03391246
    0.04407496
   -0.03212149
    0.04315396
   -0.04108886
    0.04080322
   -0.00081118
    0.06550869
    0.09548496
    0.00557987
   -0.03520880
    0.04579518
   -0.03104428
    0.04953651
   -0.03572943
    0.04115574
   -0.03413915
    0.03353453
   -0.03764744
    0.01514622
   -0.00195395
    0.07202588
    0.07799596
    0.00448654
   -0.04089012
    0.04080703
   -0.03226102
    0.04305921
   -0.03391025
    0.04383811
   -0.03108849
    0.04240016
   -0.03500866
    0.03892953
    0.07140570
    0.10119507
    0.09552031
    0.06869288
    0.10359904
    0.09525780
    0.07088201
    0.10354652
    0.09467911
   -0.26642032
   -0.26845815
   -0.26727099
    0.54773429
   -0.26720490
   -0.26804596
   -0.26662509
