    0.32519865
    0.04623004
    0.04401289
    0.04399082
    0.03617106
   -0.06173526
    0.05272780
    0.04485699
   -0.06437680
    0.04514532
    0.05368265
   -0.06369372
    0.04400360
    0.05209909
   -0.06534019
    0.04758957
    0.04802822
    0.04422349
    0.32449931
    0.04534241
    0.03121750
    0.04017905
    0.05949203
   -0.06223234
    0.04232297
    0.04346664
   -0.06536394
    0.05716394
    0.04527806
   -0.06087834
    0.03871121
    0.05223376
   -0.06060977
    0.05481818
    0.04136190
    0.07840136
    0.07760390
    0.07569343
    0.32531916
    0.04221430
    0.05536890
    0.04638714
    0.03085742
   -0.06166467
    0.06045929
    0.03977613
   -0.06292063
    0.05157441
    0.04176428
   -0.06402218
    0.05168518
    0.04671187
   -0.06530399
    0.04558831
    0.04981264
    0.06631819
    0.08952596
    0.06258241
    0.32673572
    0.04904319
    0.02465891
    0.04078747
    0.05973290
   -0.06476175
    0.03920640
    0.04831463
   -0.06341239
    0.05145250
    0.04440648
   -0.06042596
    0.03343355
    0.05856293
   -0.06494276
    0.08571479
    0.03513548
    0.08098002
    0.07623918
    0.07469345
    0.32720759
    0.04421774
    0.05432545
    0.04769648
    0.02941113
   -0.06113101
    0.05572533
    0.04212440
   -0.06348559
    0.05248712
    0.04177167
   -0.06427612
    0.05193411
    0.04463156
   -0.06678868
    0.04414085
    0.05240700
    0.08959974
    0.06035297
    0.05906109
    0.32514837
    0.04717718
    0.02806256
    0.04412765
    0.05077428
   -0.06417058
    0.04270084
    0.04777230
   -0.06337835
    0.05243765
    0.04637894
   -0.06263905
    0.03349916
    0.06413478
   -0.06751460
    0.10024527
    0.03583548
    0.07837193
    0.07728637
    0.07794280
   -0.16123622
   -0.15035657
   -0.15348975
   -0.15859284
   -0.16050262
   -0.15133171
   -0.15340896
   -0.16858722
   -0.16650119
   -0.14956389
   -0.15568612
   -0.16168438
   -0.53694586
   -0.53782106
   -0.54197965
   -0.53760477
   -0.53961953
   -0.53765812
    0.03767826
    0.05677370
    0.08558199
    0.08546180
    0.32445935
    0.04510501
    0.03522575
    0.05166265
    0.02791018
   -0.06836214
    0.04821158
    0.05581250
   -0.06387891
    0.04287230
    0.05197910
   -0.06386493
    0.04219979
    0.05301587
   -0.06094476
    0.05192929
    0.04495410
    0.07658359
    0.08141274
    0.08035737
    0.32467014
    0.05127639
    0.02749847
   -0.06113668
    0.04548225
    0.04860745
   -0.06573708
    0.06341636
    0.05449354
    0.04543111
   -0.06510184
    0.06411095
    0.05524100
    0.04251352
   -0.06942518
    0.04950923
    0.05700023
    0.06189115
   -0.15426888
   -0.16422425
   -0.16501020
   -0.15365560
   -0.53054251
   -0.53217497
   -0.40066591
   -0.41468116
    0.63539403
   -0.43352417
   -0.41066325
