    0.08852819
   -0.06604392
   -0.03828175
    0.07483747
    0.07451558
   -0.02371016
   -0.02341713
    0.05056453
    0.04968550
   -0.01960423
    0.05728690
    0.04953465
   -0.01950682
    0.05795214
   -0.20435625
   -0.14796738
   -0.20465023
   -0.14757701
    0.09540446
    0.09480427
   -0.97618563
   -0.14296719
    0.23375370
   -0.14278317
    0.23234103
    0.27189401
   -0.44943580
    0.27298038
   -0.44487594
    0.04458639
    0.01554370
   -0.03743423
   -0.04420319
   -0.03508540
   -0.03438720
    0.04109798
    0.06522264
    0.05291158
    0.04424866
    0.02629182
    0.04458139
    0.01555340
   -0.04447778
   -0.03759349
   -0.02931330
   -0.03987754
    0.06603771
    0.04138087
    0.03670302
    0.06062533
    0.02645857
    0.04773190
    0.05123707
    0.05569422
   -0.32196674
    0.04703556
    0.05466166
    0.04944526
   -0.32376502
   -0.11880101
   -0.11184580
   -0.11163938
   -0.11290361
   -0.11440509
   -0.11516629
    0.03453485
    0.04780397
    0.03547701
    0.03631262
    0.05024022
    0.04399698
    0.03722345
    0.04963758
    0.03395408
    0.04281874
    0.04886572
    0.04283151
    0.03737725
    0.03415478
    0.04943307
    0.03491560
    0.04342826
    0.05059122
    0.07607417
    0.07633635
    0.04649556
    0.04510845
    0.07852731
    0.04106151
   -0.32483367
    0.03902975
    0.07675864
    0.07728299
    0.04078251
    0.03975597
   -0.32865757
    0.03865159
    0.03973943
    0.02483350
    0.07691846
    0.04098838
    0.04102034
    0.04564456
    0.07803314
    0.04485365
    0.04081841
    0.04124881
   -0.32502996
    0.07649223
    0.03946424
    0.03953550
    0.07740927
    0.04020885
   -0.32844083
    0.03989416
    0.02491980
    0.04084398
    0.07690424
    0.04082552
