   -0.16127206
    0.20963715
    0.27551408
   -0.01355575
   -0.01982628
    0.05552903
   -0.01352345
    0.27427518
   -0.16326471
    0.21000213
    0.01234244
    0.05018628
    0.06617770
    0.00883573
    0.02204754
    0.04989970
   -0.18800772
    0.00577789
    0.04018270
    0.03847863
   -0.06833973
    0.04265506
    0.04747939
    0.08267211
    0.04016472
    0.01894681
   -0.35042303
    0.07476329
    0.06774371
    0.04566349
    0.07480008
    0.03651421
    0.04247934
   -0.35084780
    0.08173938
    0.04857638
    0.03992251
    0.08247742
    0.04409165
    0.03743442
   -0.35099448
    0.08791489
    0.02470568
    0.02347388
   -0.06481854
    0.06093661
    0.05245686
    0.01022252
    0.04724335
    0.00935691
   -0.19278494
    0.00889524
    0.05122645
    0.01825743
    0.01008768
    0.06515408
    0.05125720
   -0.01948364
    0.04552785
   -0.02822847
    0.04802649
   -0.01887185
    0.04669785
    0.01032988
    0.01824096
    0.05075568
   -0.01135265
    0.12802983
   -0.23540383
    0.12752251
   -0.01186719
    0.00922370
    0.05441804
    0.01406915
   -0.04417124
    0.04296429
   -0.04308567
    0.04273373
   -0.03762525
    0.04389505
   -0.01823618
   -0.01837887
   -0.03737271
    0.04365352
   -0.04251404
    0.04277171
   -0.04335673
    0.04434679
   -0.54714123
   -0.54411247
   -0.92254545
