   -0.48670713
   -0.47194996
   -0.48196309
   -0.47112500
   -0.48377727
   -0.47319430
   -0.15748713
   -0.15271743
   -0.14587966
   -0.15151973
   -0.15536834
   -0.15591543
   -0.14864609
   -0.14722510
   -0.16074674
   -0.15229833
   -0.14674189
   -0.14817753
    0.32663083
    0.32417842
    0.11626904
    0.05903961
    0.12224074
    0.03570845
    0.32774912
    0.32403479
    0.11768648
    0.04112069
    0.11595960
    0.04360980
    0.32654888
    0.32496338
    0.12017852
    0.04395499
    0.12066685
    0.04554862
   -0.00699326
    0.08858845
    0.08575930
    0.01383150
   -0.03042537
    0.03185376
   -0.03225865
    0.04437207
    0.05342217
   -0.09779225
   -0.03139380
    0.05856521
   -0.03161994
    0.07110516
   -0.00299149
    0.07196784
    0.07760217
    0.01532703
   -0.03753809
    0.07045873
   -0.02917315
    0.07160936
    0.04544851
   -0.12597107
   -0.03004612
    0.06831061
   -0.02852351
    0.06898385
   -0.00259328
    0.06703060
    0.08607950
    0.01457208
   -0.03023183
    0.07476036
   -0.03082215
    0.06944356
    0.04578023
   -0.12700296
   -0.02963163
    0.06876483
   -0.03844414
    0.07249248
   -0.00728963
    0.09289281
    0.07765393
    0.01619264
   -0.02699818
    0.05778701
   -0.02918344
    0.06952009
    0.04329948
   -0.12624531
   -0.02984869
    0.07369993
   -0.03620635
    0.07247318
   -0.00677451
    0.09132650
    0.08421018
    0.02064032
   -0.03378687
    0.07281886
   -0.03045975
    0.07885731
    0.04662151
   -0.11438339
   -0.02694366
    0.04811624
   -0.02866665
    0.02761602
   -0.00472944
    0.07327404
    0.09243634
    0.01545020
   -0.03676115
    0.07306296
   -0.03067202
    0.07212729
    0.04346919
   -0.12717971
   -0.02899969
    0.06977050
   -0.02785772
    0.06123488
    0.07342868
    0.09253871
    0.09645133
    0.06819345
    0.09721935
    0.09530404
    0.07079028
    0.09796727
    0.09656653
   -0.48086076
   -0.47601000
   -0.48534550
   -0.47821455
   -0.48522431
   -0.47064347
   -0.15667692
   -0.15444055
   -0.14862982
   -0.14691971
   -0.15579615
   -0.15441862
   -0.14732309
   -0.14587588
   -0.15945685
   -0.15129512
   -0.14841297
   -0.14563691
    0.32615257
    0.32473568
    0.11443065
    0.06110266
    0.12272900
    0.03323580
    0.32797497
    0.32678161
    0.11793965
    0.04378592
    0.11658022
    0.04730914
    0.32723646
    0.32522462
    0.12214513
    0.04276560
    0.12212606
    0.04484008
   -0.00693335
    0.08735010
    0.08985808
    0.01416690
   -0.03276870
    0.03459705
   -0.03198635
    0.04142972
    0.04683368
   -0.10869774
   -0.02555973
    0.08096865
   -0.03152808
    0.07561364
   -0.00345854
    0.07132686
    0.08165069
    0.01648055
   -0.03721451
    0.06663764
   -0.03037188
    0.06865922
    0.04430656
   -0.12524743
   -0.02920103
    0.07413874
   -0.02742490
    0.06427021
   -0.00055441
    0.06777094
    0.08493268
    0.01403524
   -0.02958702
    0.07223942
   -0.03070578
    0.06606764
    0.04502257
   -0.12270729
   -0.03105043
    0.07346488
   -0.03852801
    0.07557136
   -0.00381970
    0.08563219
    0.07292704
    0.01638974
   -0.02718982
    0.06128983
   -0.02909139
    0.07003233
    0.04320333
   -0.12538651
   -0.03033055
    0.07304330
   -0.03682308
    0.07361376
   -0.00569808
    0.08945076
    0.07977965
    0.01971806
   -0.03260380
    0.06841416
   -0.03276870
    0.06597504
    0.04992847
   -0.10826194
   -0.02548155
    0.04994387
   -0.02838261
    0.02595981
   -0.00346514
    0.08169020
    0.08779301
    0.01807872
   -0.03395812
    0.06634340
   -0.02921542
    0.04285897
   -0.02937917
   -0.02789523
    0.04707523
    0.07068223
    0.09514503
    0.09729755
    0.06821472
    0.09897434
    0.09278551
    0.07179721
    0.09632284
    0.09402048
    0.50408088
    0.50441962
    0.50506676
    0.50556617
    0.50347818
    0.50437435
    0.50444575
    0.50302386
    0.50412042
    0.50989153
    0.50429475
   -0.18797925
   -0.19940759
   -0.19832075
   -0.18933827
   -0.19804923
   -0.19765763
   -0.18798863
   -0.19754868
   -0.19842599
   -0.19921727
   -0.19100402
   -0.18471477
   -0.18842915
   -0.19844644
   -0.19805160
   -0.18839431
   -0.19843952
   -0.19853429
   -0.18846360
   -0.19681399
   -0.19809264
   -0.18932747
   -0.19581483
   -0.19817871
   -0.18351743
   -0.20008200
   -0.19629113
   -0.18233044
   -0.18054553
   -0.20521512
   -0.18727213
   -0.19421951
   -0.20120538
    0.07296077
    0.06907507
   -0.12692497
    0.50420536
   -0.18787105
   -0.19748464
   -0.19855423
   -0.97261398
