   -0.86832464
   -0.49396048
    0.26762040
   -0.05142735
    0.11051880
    0.12431385
   -0.01760407
    0.09775657
    0.09467350
   -0.09961996
    0.09900290
    0.10125884
   -0.15694578
    0.23217226
    0.26504519
    0.06745844
   -0.21739374
   -0.02849699
    0.05858930
   -0.01192864
    0.04601287
   -0.49392015
   -0.05144066
    0.11052988
    0.12431114
   -0.01762212
    0.09778279
    0.09469502
    0.10126558
   -0.15694204
    0.23215888
    0.26504092
    0.06746245
   -0.21744250
   -0.02848975
    0.05862060
   -0.01191800
    0.04604506
   -0.49396480
    0.26763438
    0.04367575
   -0.05142176
    0.11051196
    0.12431377
   -0.01759898
    0.09774788
    0.09466824
   -0.09960526
    0.09899603
    0.10124743
   -0.15695074
    0.23217645
    0.26504432
    0.06745729
   -0.02849703
    0.05858714
   -0.49392448
   -0.05143511
    0.11052308
    0.12431102
   -0.01761708
    0.09777412
    0.09468986
    0.10125428
   -0.15694690
    0.23216300
    0.26504005
    0.06746131
   -0.02848981
    0.05861847
    0.04369774
