   -0.17748666
    0.20467997
    0.27179276
   -0.01903109
   -0.03601119
    0.07040937
   -0.01819983
    0.27389256
   -0.18593576
    0.20621024
   -0.01263600
    0.07949449
    0.09883526
   -0.04834981
    0.12466644
    0.11113961
    0.06289409
   -0.05085592
    0.10317954
    0.11833656
   -0.08848537
    0.09202666
    0.09836066
    0.07070387
    0.05185335
    0.04006881
   -0.33528891
    0.07302462
    0.05916807
    0.03018363
    0.06924162
    0.02449857
    0.04584052
   -0.34476682
    0.07031732
    0.04548675
    0.02768713
    0.06514079
    0.04092627
    0.06671398
   -0.33476133
    0.07069605
    0.02783257
    0.04934443
   -0.08828520
    0.09692925
    0.08468681
   -0.04617713
    0.10306723
    0.10732760
    0.06479923
   -0.05071021
    0.11821429
    0.11971517
   -0.01599963
    0.09943396
    0.08628728
   -0.02052903
    0.05003022
   -0.02949080
    0.04906346
   -0.02073113
    0.04737441
   -0.05641361
    0.11726634
    0.13619897
   -0.00852032
    0.11860091
   -0.20603939
    0.11651634
   -0.00949287
   -0.05760889
    0.13227056
    0.13042854
   -0.04912004
    0.07449028
   -0.04048648
    0.05023733
   -0.03361374
    0.04448871
   -0.01493957
   -0.01552645
   -0.03311641
    0.04481428
   -0.03936421
    0.04710833
   -0.04529389
    0.06755721
   -0.51862137
   -0.51372871
    0.26529163
    0.26568136
   -0.91690848
