   -0.27176279
   -0.27197043
   -0.28562879
   -0.28388465
   -0.26816163
   -0.26877512
   -0.28212643
   -0.28328079
   -0.34294568
   -0.34337268
   -0.34959169
   -0.35474817
   -0.34720226
   -0.33675313
   -0.33282216
   -0.33763699
    0.14462038
   -0.07393753
    0.03340090
    0.14494161
   -0.07015241
    0.02489869
   -0.06567981
   -0.06979704
    0.14438436
   -0.08799994
    0.14713345
   -0.07585442
    0.05422659
   -0.00852716
   -0.07283801
    0.06127605
    0.14412326
   -0.06665921
    0.05084962
    0.14305930
   -0.06562513
    0.02305103
   -0.06596822
   -0.06545640
    0.14796817
   -0.08778991
    0.14280402
   -0.07072186
    0.05129691
   -0.00910600
   -0.07541651
    0.14506678
   -0.07626072
    0.03198896
    0.14406484
   -0.07156890
    0.02369832
   -0.06323850
   -0.07188974
    0.14361403
   -0.08846686
    0.14723872
   -0.07369310
    0.04892268
   -0.01050991
   -0.07082877
    0.05255982
    0.14349746
   -0.06688080
    0.05559286
    0.14447946
   -0.06468097
    0.02235332
   -0.06149999
   -0.06444452
    0.14681006
   -0.08783671
    0.14476383
   -0.07210320
    0.06405839
   -0.00961149
   -0.07413704
    0.04582375
    0.27122378
    0.00431904
    0.12682572
   -0.06385646
    0.02162743
    0.12613872
   -0.00409733
   -0.06128086
    0.13545386
   -0.00470506
    0.27094637
    0.01518908
    0.12400480
   -0.07086085
    0.02047433
    0.12394816
   -0.00466042
   -0.05907104
    0.12735421
   -0.00612473
    0.26749493
    0.12464307
   -0.06441721
    0.03000451
    0.12750444
   -0.00300274
   -0.05885550
    0.13438983
   -0.00159070
    0.26778273
    0.00356666
    0.12456652
   -0.07033210
    0.02572656
    0.12402778
   -0.00224913
   -0.05735047
    0.13497753
   -0.00136117
   -0.01979887
    0.06484362
   -0.01763457
    0.05294363
   -0.02200674
    0.06427332
   -0.02289710
    0.07397648
   -0.09170961
    0.07331433
    0.09872914
   -0.08055983
    0.05315973
    0.08200388
   -0.06442411
    0.18663632
   -0.09311756
    0.09998905
    0.08075874
   -0.08061360
    0.07343736
    0.05846881
   -0.06952859
    0.18771048
   -0.09061854
    0.10409807
    0.06315785
   -0.07941466
    0.05690946
    0.06932439
   -0.06327626
    0.18639753
   -0.08829384
    0.06173013
    0.09733053
   -0.09421821
    0.09793259
    0.09568944
   -0.05279283
    0.18183815
    0.07246090
    0.07004056
    0.06701108
    0.09515694
    0.09047144
    0.09189306
    0.09510823
    0.09521282
    0.09789987
    0.09788303
    0.09511371
    0.18716011
    0.18681438
    0.18842987
    0.18750171
    0.01129655
    0.06996218
    0.05844710
   -0.12743850
   -0.11924543
    0.09923855
    0.10945070
    0.11119081
    0.11823886
    0.11588858
    0.11075386
   -0.12036256
    0.11412698
    0.10969448
    0.10005788
    0.12850627
    0.12541188
   -0.12562802
   -0.12068322
    0.11321176
    0.10559029
    0.10412475
    0.11364734
    0.10671128
    0.11505067
    0.12659699
    0.12834399
   -0.11990425
    0.11149097
    0.10328869
    0.10548863
   -0.13106482
   -0.12027300
    0.09672008
    0.11404918
    0.10674789
    0.12270073
    0.10803237
    0.12168273
    0.13321846
    0.13506498
   -0.12089925
    0.11579115
    0.09750444
    0.10676358
   -0.12053093
   -0.12464069
    0.11181531
    0.10499380
    0.10833859
    0.11161350
    0.11267530
    0.10939857
    0.12193681
    0.12359312
   -0.11994185
    0.10462302
    0.11010179
    0.10818941
    0.10252363
    0.12892393
   -0.11976360
   -0.13155097
    0.09438782
    0.10981429
    0.09635583
    0.12867444
    0.10372897
    0.11981641
   -0.12869558
    0.09838835
    0.09961298
    0.12571877
   -0.12283797
   -0.13129231
   -0.13015283
   -0.13895953
    0.10324038
    0.12871493
    0.09738852
    0.13064779
    0.10535323
    0.11580510
    0.10694241
    0.13716202
   -0.11604996
    0.09218565
    0.09830376
    0.10250909
    0.09503713
    0.12367258
    0.10270519
    0.11185129
    0.10931593
    0.13112210
   -0.11950888
    0.09278600
    0.10341880
    0.10801986
    0.08734445
    0.08780970
   -0.13090056
   -0.12824778
    0.10957576
    0.09422585
    0.12131031
    0.11436880
    0.12231442
    0.09310569
   -0.12159281
    0.11216234
    0.08900431
    0.10602548
    0.12769582
    0.11801404
   -0.99128728
