   -0.89760605
   -0.48996681
    0.26982009
   -0.05061332
    0.11398285
    0.12114833
   -0.01723425
    0.10044707
    0.09619531
   -0.09931453
    0.10214435
    0.09696872
   -0.16029187
    0.23098367
    0.26438308
    0.06855957
   -0.22499878
   -0.02840152
    0.06047222
   -0.01142955
    0.05020994
   -0.48829622
   -0.05036864
    0.11374689
    0.11979909
   -0.01817484
    0.10104910
    0.09765951
    0.10421409
   -0.16082093
    0.22874107
    0.26585530
    0.06733671
   -0.22502393
   -0.02874182
    0.05981453
   -0.01143251
    0.05020883
   -0.48829906
    0.26997016
    0.04389949
   -0.05036913
    0.11373972
    0.11979387
   -0.01818369
    0.10102860
    0.09766853
   -0.09922184
    0.10215914
    0.10418119
   -0.16080380
    0.22872247
    0.26583119
    0.06734543
   -0.02873582
    0.05983979
   -0.48997418
   -0.05061374
    0.11397409
    0.12115554
   -0.01720485
    0.10039799
    0.09616517
    0.09683041
   -0.16035584
    0.23104409
    0.26436152
    0.06854336
   -0.02841102
    0.06045332
    0.04404313
