    0.11152547
    0.07416494
   -0.16202864
    0.32740841
   -0.51360554
   -0.14462311
    0.11049046
    0.07115792
   -0.14793049
    0.32879585
   -0.52233950
   -0.15173363
   -0.04315778
    0.06331333
    0.07267459
    0.08206174
    0.04297819
    0.06676497
   -0.11367499
    0.06048008
    0.04437022
    0.06545340
    0.00163875
   -0.03651492
    0.01161300
   -0.02987419
    0.02605115
   -0.03217086
    0.03997448
   -0.03115120
    0.04373242
   -0.03085179
    0.05560156
    0.07258695
    0.10174104
    0.09802842
    0.12360192
    0.05353028
   -0.16087985
    0.32874557
   -0.51303787
   -0.14696855
    0.12331093
    0.04934014
   -0.14842112
    0.33972850
   -0.51272750
   -0.15193843
   -0.04365634
    0.07758984
    0.07731975
    0.06367064
    0.04209175
    0.07037972
   -0.11439327
    0.04442460
    0.06176549
    0.06444478
    0.00483158
   -0.03387786
    0.00620446
   -0.02722159
    0.02317352
   -0.03218275
    0.03914336
   -0.03086955
    0.04482156
   -0.03288817
    0.05538224
    0.07875307
    0.09298923
    0.09616295
    0.11162251
    0.07395428
   -0.16180044
    0.32745075
   -0.51378731
   -0.14475276
    0.11072641
    0.07096066
   -0.14771056
    0.32879490
   -0.52227758
   -0.15205054
   -0.04314053
    0.06323662
    0.07253766
    0.08218500
    0.04301511
    0.06674661
   -0.11370099
    0.04429469
    0.06042584
    0.06543133
    0.00159991
   -0.03643949
    0.01191492
   -0.02937313
    0.02641528
   -0.03194995
    0.03971592
   -0.03102777
    0.04359512
   -0.03077584
    0.05548391
    0.07258219
    0.10175822
    0.09798594
    0.12350081
    0.05356513
   -0.16114731
    0.32868758
   -0.51286568
   -0.14682056
    0.12303089
    0.04971298
   -0.14827936
    0.33987325
   -0.51265081
   -0.15146852
   -0.04359864
    0.07724464
    0.07738404
    0.06385954
    0.04221813
    0.06988295
   -0.11439532
    0.04444163
    0.06186255
    0.06439811
    0.00468672
   -0.03390101
    0.00613413
   -0.02729540
    0.02316859
   -0.03215411
    0.03928477
   -0.03083277
    0.04485324
   -0.03248289
    0.05556714
    0.07886641
    0.09306933
    0.09600987
    0.11126843
    0.07459473
   -0.16333766
    0.32755706
   -0.51275062
   -0.14423876
    0.11048255
    0.07075065
   -0.14813963
    0.32874445
   -0.52221300
   -0.15154712
   -0.04335583
    0.06344985
    0.07295696
    0.08215472
    0.04275291
    0.06662117
   -0.11374686
    0.04489898
    0.05996671
    0.06625031
    0.00067914
   -0.03651963
    0.01271045
   -0.02949236
    0.02469011
   -0.03173854
    0.03983460
   -0.03109816
    0.04367048
   -0.03120538
    0.05583842
    0.07252736
    0.10164527
    0.09826673
    0.12339481
    0.05373246
   -0.16169499
    0.32866484
   -0.51238749
   -0.14670759
    0.12310369
    0.04907951
   -0.14871490
    0.33973522
   -0.51293612
   -0.15115569
   -0.04360730
    0.07738394
    0.07740413
    0.06397268
    0.04224150
    0.06949972
   -0.11437394
    0.04452912
    0.06183330
    0.06450134
    0.00422819
   -0.03387846
    0.00628449
   -0.02721527
    0.02320979
   -0.03199293
    0.03919741
   -0.03082761
    0.04477523
   -0.03221774
    0.05566755
    0.07884827
    0.09606262
    0.09294921
    0.96130976
   -0.49826949
   -0.51349692
   -0.51402727
   -0.51338418
