   -0.47940542
   -0.48073411
   -0.48444285
   -0.48473493
   -0.49305573
   -0.48975016
    0.11102412
   -0.04670738
    0.10575242
    0.10529469
   -0.08294721
    0.08252442
    0.07524402
   -0.00949140
    0.08420628
    0.07512831
   -0.16359142
    0.22276839
    0.26491216
    0.06576294
   -0.23377288
   -0.02729029
    0.06163461
   -0.00813362
    0.04362032
   -0.02587453
    0.06111495
    0.06839248
    0.26569787
   -0.15842786
    0.22099557
   -0.00969357
    0.07445949
    0.08501992
   -0.08270175
    0.07368286
    0.08204020
   -0.04776006
    0.10398790
    0.11177589
    0.11188840
   -0.03814669
    0.08862488
    0.09954303
   -0.07119646
    0.05805446
    0.08854232
   -0.00255699
    0.07121463
    0.07213401
   -0.15460940
    0.20031474
    0.26150462
    0.06666082
   -0.24413527
   -0.02898052
    0.06755590
   -0.01217985
    0.05610414
   -0.02922595
    0.06724014
    0.06636998
    0.26151081
   -0.15438194
    0.19940514
   -0.00438008
    0.07354154
    0.07266054
   -0.06722721
    0.06021378
    0.08335312
   -0.03912831
    0.08830499
    0.10174929
   -0.04975295
    0.12087201
    0.10099636
   -0.07672347
    0.06726504
    0.06910569
   -0.00524204
    0.07111116
    0.07894666
   -0.16009560
    0.22528597
    0.26565837
    0.07108372
   -0.21557582
   -0.02617892
    0.04823143
   -0.00805450
    0.02767571
   -0.02682465
    0.04905819
    0.06720918
    0.26513591
   -0.15791732
    0.22367469
   -0.00503865
    0.07918539
    0.06962313
   -0.07791044
    0.07339463
    0.06953092
   -0.04840177
    0.11854048
    0.10090323
   -0.11371651
    0.10482772
    0.11518399
    0.10883218
   -0.11363442
    0.11482284
    0.10433318
    0.10875854
   -0.94104650
