   -0.18410174
    0.21627953
    0.27311617
   -0.01857222
   -0.03662668
    0.07548303
   -0.01946387
    0.27106544
   -0.17527137
    0.21317657
   -0.01711432
    0.08600673
    0.10191064
   -0.05208762
    0.11993803
    0.12015008
    0.06540285
   -0.04694556
    0.10742765
    0.10368830
   -0.08846840
    0.08505372
    0.09748217
    0.07024886
    0.04971705
    0.02809484
   -0.33448738
    0.06497592
    0.06660104
    0.04095489
    0.07031183
    0.02742786
    0.04535276
   -0.34454817
    0.06898857
    0.04614733
    0.02464534
    0.07243638
    0.03072287
    0.05880350
   -0.33535207
    0.06989029
    0.04075706
    0.05272876
   -0.08853136
    0.09871810
    0.09255409
   -0.05254315
    0.11890689
    0.10372288
    0.06318631
   -0.05006955
    0.11299967
    0.12558276
   -0.01369434
    0.10076560
    0.07991752
   -0.02135050
    0.04836873
   -0.03044035
    0.04984951
   -0.02127030
    0.05127872
   -0.05837261
    0.13131141
    0.13290442
   -0.00923146
    0.11643101
   -0.20481705
    0.11863702
   -0.00823181
   -0.05690416
    0.13705279
    0.11768405
   -0.04571577
    0.06754509
   -0.03993700
    0.04679739
   -0.03373287
    0.04441479
   -0.01603489
   -0.01534148
   -0.03399709
    0.04399322
   -0.04081852
    0.05015098
   -0.04928216
    0.07487854
   -0.51402676
   -0.51732372
    0.26612478
    0.26613466
   -0.95019069
