    1.17413569
    0.32301629
    0.05195471
    0.01468180
    0.04138561
    0.04806916
   -0.05732119
    0.01808675
    0.05088202
   -0.06864544
    0.05879514
    0.05260977
   -0.06500539
    0.02901845
    0.06387873
   -0.07273371
    0.06128369
    0.06099207
    0.04134297
    0.32300919
    0.04131224
    0.04817516
    0.05196546
    0.01469319
   -0.07278753
    0.06127276
    0.06108663
   -0.06496458
    0.02893082
    0.06382177
   -0.06864402
    0.05884529
    0.05256520
   -0.05728139
    0.01813103
    0.05074220
    0.07208905
    0.08942973
    0.08938492
    0.32302225
    0.05194703
    0.01470954
    0.04136629
    0.04810634
   -0.05732525
    0.01810864
    0.05085740
   -0.06865199
    0.05262979
    0.05879278
   -0.06500774
    0.06389086
    0.02903443
   -0.07273523
    0.06129707
    0.06097444
    0.07313568
    0.08242429
    0.07316967
    0.32301466
    0.04130272
    0.04818762
    0.05195868
    0.01471466
   -0.07277816
    0.06127386
    0.06105994
   -0.06499250
    0.02900116
    0.06384037
   -0.06866813
    0.05882836
    0.05264666
   -0.05732788
    0.01817396
    0.05080068
    0.07209051
    0.08940720
    0.08941252
    0.32301519
    0.05192857
    0.01474209
    0.04136468
    0.04811170
   -0.05730199
    0.01811173
    0.05083686
   -0.06863227
    0.05258205
    0.05883393
   -0.06497263
    0.06384356
    0.02895106
   -0.07272370
    0.06132293
    0.06094306
    0.08241084
    0.07319974
    0.07335535
    0.32301798
    0.04130130
    0.04819985
    0.05197804
    0.01467822
   -0.07279572
    0.06127321
    0.06110700
   -0.06497560
    0.02897429
    0.06386718
   -0.06866444
    0.05882736
    0.05262124
   -0.05730463
    0.01815090
    0.05074855
    0.07209879
    0.08940749
    0.08940587
   -0.16359083
   -0.16204575
   -0.16190363
   -0.16363914
   -0.16357262
   -0.16200028
   -0.16191883
   -0.16362421
   -0.16360444
   -0.16196977
   -0.16187446
   -0.16365157
   -0.52458722
   -0.52460054
   -0.52459127
   -0.52464624
   -0.52459126
   -0.52461846
    0.04815296
    0.07334179
    0.08238628
    0.08242649
    0.32300833
    0.04129631
    0.04818990
    0.05196222
    0.01471567
   -0.07277021
    0.06125849
    0.06105460
   -0.06502043
    0.02905476
    0.06386655
   -0.06865574
    0.05881739
    0.05260376
   -0.05732474
    0.01819043
    0.05074496
    0.07208902
    0.08940569
    0.08939050
    0.32300746
    0.05194016
    0.01471586
   -0.05729021
    0.01810664
    0.05080854
   -0.06863385
    0.07325658
    0.05255380
    0.05883649
   -0.06497596
    0.07335260
    0.06384228
    0.02895837
   -0.07271088
    0.06133205
    0.06092402
    0.07336996
   -0.16186490
   -0.16361037
   -0.16363580
   -0.16182805
   -0.52466508
   -0.52460207
   -0.35669957
   -0.36667823
   -0.36666742
   -0.36667281
   -0.35671532
   -0.36664580
