    1.06520961
    1.06792468
    1.05693772
   -0.57693356
   -0.59297202
   -0.34845652
   -0.38268875
   -0.57946573
   -0.59485679
   -0.37281334
   -0.35934095
   -0.36084498
   -0.58904661
   -0.58224390
   -0.37237589
   -0.09269487
   -0.08964155
   -0.09507423
   -0.06222859
   -0.00231693
    0.28883100
    0.28476277
   -0.00471425
   -0.06268995
   -0.13566320
    0.11518475
    0.11572309
   -0.13341726
    0.04751549
    0.07896511
    0.09754760
   -0.00266876
    0.28617066
    0.28724881
   -0.00563434
    0.03681741
    0.10288644
   -0.06751996
    0.05742374
    0.05535951
   -0.06707535
    0.05453834
    0.06034983
    0.03703975
    0.09884030
    0.03719789
    0.09905806
    0.28714378
    0.00044139
   -0.00581197
   -0.05890348
   -0.13294552
    0.11271600
    0.11192318
   -0.13400438
    0.08149237
    0.05196749
    0.09441388
    0.28520988
   -0.06731977
    0.06133390
    0.05366091
   -0.06692665
    0.05527747
    0.05977122
   -0.06665548
    0.05390469
    0.05999718
   -0.06853927
    0.05261397
    0.06475336
   -0.13396874
    0.11483421
    0.11487309
   -0.13598453
    0.09426196
    0.05593768
    0.08331082
    1.05376561
    1.05867468
    1.05677875
   -0.58017355
   -0.59582801
   -0.36961503
   -0.40067379
   -0.58337925
   -0.60210528
   -0.38474520
   -0.37223179
   -0.36400124
   -0.59040133
   -0.58190263
   -0.37604633
   -0.10327217
   -0.09579424
   -0.09443530
   -0.06148230
   -0.00463235
    0.29059128
    0.29308959
    0.01158073
   -0.05964967
   -0.13142084
    0.11192641
    0.11090021
   -0.13136641
    0.04991032
    0.07630174
    0.09544769
   -0.00547450
    0.28457248
    0.28511411
   -0.01361692
    0.03799581
    0.10147544
   -0.06727104
    0.05663643
    0.05462391
   -0.06708251
    0.05433304
    0.05991390
    0.04200095
    0.09271074
    0.04036192
    0.09549359
    0.29251027
    0.00673483
    0.00410247
   -0.05542077
   -0.13054614
    0.11080395
    0.10927444
   -0.13367573
    0.08135214
    0.05439096
    0.09300344
    0.29095219
   -0.06679469
    0.05995972
    0.05304217
   -0.06620483
    0.05470391
    0.05984795
   -0.06581742
    0.05279190
    0.05928462
   -0.06717582
    0.04886607
    0.06233523
   -0.13255460
    0.11294423
    0.11197305
   -0.13219155
    0.09227005
    0.05371283
    0.08023767
   -0.84924307
