    0.32644498
    0.05385347
    0.02989266
    0.04642258
    0.03654879
   -0.05424220
    0.04551209
    0.04274528
   -0.06118186
    0.04511308
    0.05210683
   -0.06065776
    0.04283507
    0.05193729
   -0.06568543
    0.05020772
    0.05010991
    0.04620208
    0.32608964
    0.04634635
    0.03584719
    0.05193480
    0.03463584
   -0.06616163
    0.04980480
    0.05153764
   -0.06087596
    0.03797193
    0.05325046
   -0.06245747
    0.04614340
    0.05005317
   -0.05680276
    0.04786689
    0.04109555
    0.07852523
    0.08032245
    0.08069765
    0.32580263
    0.05300384
    0.03132708
    0.04611516
    0.03707366
   -0.05374645
    0.04672956
    0.04360631
   -0.06164106
    0.05169277
    0.04622195
   -0.06080284
    0.05342975
    0.04081503
   -0.06585715
    0.05049605
    0.05198183
    0.06552452
    0.08793471
    0.06487851
    0.32644529
    0.04678288
    0.03458239
    0.04916976
    0.04204670
   -0.06627717
    0.04801758
    0.05298274
   -0.06147323
    0.03947262
    0.05308946
   -0.06211997
    0.04587546
    0.04966452
   -0.05443672
    0.04403244
    0.04159079
    0.07948857
    0.07924524
    0.07954615
    0.32670089
    0.05049462
    0.04012196
    0.04696054
    0.03473564
   -0.05473684
    0.04958378
    0.04172750
   -0.06130014
    0.05178835
    0.04498284
   -0.06055712
    0.05246001
    0.04073009
   -0.06603793
    0.04885856
    0.05184936
    0.08798155
    0.06470502
    0.06567778
    0.32573012
    0.04630779
    0.03600552
    0.05235669
    0.03352348
   -0.06522387
    0.04950807
    0.05142628
   -0.06084779
    0.04131182
    0.05272944
   -0.06183718
    0.04580914
    0.04966991
   -0.05484286
    0.04910371
    0.04238474
    0.07869017
    0.08066841
    0.08010656
   -0.16402019
   -0.15447846
   -0.15276533
   -0.16466530
   -0.16415813
   -0.15572508
   -0.15432357
   -0.16569847
   -0.16532665
   -0.15358662
   -0.15549743
   -0.16496651
   -0.53292532
   -0.53458880
   -0.53331122
   -0.53544217
   -0.53491624
   -0.53447257
    0.03757365
    0.06529342
    0.08765345
    0.08718412
    0.32542312
    0.04543490
    0.03798902
    0.05514965
    0.02092452
   -0.06788296
    0.05157927
    0.05494301
   -0.06176288
    0.03691769
    0.05502567
   -0.06340651
    0.04621820
    0.05112326
   -0.05761549
    0.04727808
    0.04385617
    0.07751054
    0.08195932
    0.08219078
    0.32558306
    0.05536820
    0.02071534
   -0.05424942
    0.04299006
    0.04371090
   -0.06249648
    0.06362611
    0.05170023
    0.04594845
   -0.06191319
    0.06688570
    0.05426050
    0.03978598
   -0.06738479
    0.05163836
    0.05425732
    0.06656750
   -0.15394193
   -0.16662541
   -0.16494109
   -0.15720005
   -0.53165858
   -0.53019243
   -0.47319277
    0.81686073
   -0.44575760
   -0.47318111
   -0.47246334
