   -0.04363300
    0.10104823
    0.08565113
   -0.03788362
   -0.04266129
    0.04252873
   -0.04660026
    0.02828693
   -0.03007204
    0.03092985
   -0.06475277
    0.03920504
    0.06279777
   -0.02105575
    0.08552746
    0.10710771
    0.08662122
   -0.03456624
    0.08647769
    0.00261217
    0.08614367
   -0.03636738
    0.08736150
    0.09002356
   -0.01348872
    0.07595800
    0.10176986
    0.06046339
   -0.06421586
    0.03781327
   -0.02888140
    0.03487538
   -0.04452356
    0.03426700
   -0.04015407
    0.04841859
   -0.03891983
   -0.04883009
    0.10900684
    0.10080569
   -0.04287732
    0.11794221
    0.10476593
    0.05963544
    0.06569830
    0.05973213
   -0.31383772
    0.06962298
    0.03882660
    0.05230670
    0.07253236
    0.03582928
    0.04995431
   -0.31051846
    0.06658701
    0.06645745
    0.04725058
   -0.03731785
    0.09726638
    0.09797602
   -0.04064494
    0.08643413
    0.13140792
    0.06340262
    0.05743754
    0.05470581
    0.05853932
    0.07154218
    0.05626493
   -0.04052699
    0.10530439
    0.11726310
   -0.18756680
   -0.06608478
   -0.17302985
    0.02209384
   -0.01418291
   -0.30715515
    0.29600131
    0.20179347
    0.31185773
    0.21736661
   -0.73392669
    0.32477609
