   -0.34485455
   -0.34406722
   -0.34485735
   -0.34400481
   -0.34474122
   -0.34391427
   -0.34482629
   -0.34408829
   -0.16393844
    0.30150879
    0.31865998
    0.30746563
   -0.16377798
    0.31860153
    0.30750676
    0.30148660
   -0.16361369
    0.30140703
    0.31842642
    0.30732892
   -0.16371878
    0.30145323
    0.31867149
    0.30735367
    0.23333346
    0.00555494
    0.06209653
    0.12256205
   -0.07664729
    0.04659170
    0.12293974
    0.23337554
    0.00550790
    0.06202804
    0.12260818
   -0.07660118
    0.04663594
    0.12297471
    0.23326654
    0.06213361
    0.00556392
    0.12261814
   -0.07661213
    0.04663242
    0.12298657
    0.23340084
    0.00552244
    0.06199283
    0.12259398
   -0.07662709
    0.04655903
    0.12294175
   -0.01709460
    0.06160632
   -0.00241753
   -0.05396707
    0.11335381
   -0.00448115
   -0.01709465
    0.06169292
   -0.00237776
   -0.05395472
    0.11347811
   -0.00446692
   -0.01720870
    0.06194669
   -0.00239420
   -0.05401447
    0.11338072
   -0.00447007
   -0.01705715
    0.06159979
   -0.00241297
   -0.05404199
    0.11345702
   -0.00454014
   -0.08120460
    0.08268699
    0.06648034
   -0.08360749
    0.05650533
    0.06449193
   -0.03731570
    0.11550505
    0.11581475
   -0.08117584
    0.08259583
    0.06656512
   -0.08376806
    0.05641565
    0.06496121
   -0.03729791
    0.11551625
    0.11560715
   -0.08102989
    0.08245223
    0.06705518
   -0.08383114
    0.05673043
    0.06462400
   -0.03754300
    0.11589907
    0.11613752
   -0.08138663
    0.08270013
    0.06660767
   -0.08367568
    0.05653909
    0.06460372
   -0.03717095
    0.11489776
    0.11577412
   -0.95208123
