   -0.05337295
    0.02137287
    0.04207241
    0.01839030
    0.04205562
    0.05024405
    0.05155585
    0.05302096
    0.08103656
    0.04237955
    0.07240342
    0.05823127
    0.32366647
    0.04187518
    0.08341507
    0.05271662
    0.07515600
    0.04417641
    0.32531699
   -0.15941695
    0.32428406
   -0.15021337
   -0.16208630
    0.32323654
   -0.52358149
   -0.16197486
   -0.16276665
   -0.16193619
   -0.52520661
   -0.16386566
   -0.15340887
   -0.52270735
   -0.52482959
   -0.16152652
   -0.52193768
   -0.16282660
   -0.52259427
   -0.17756385
   -0.16254822
   -0.16338523
   -0.16010043
   -0.16324906
   -0.16139602
   -0.52123118
   -0.52491256
    0.05430413
    0.04230226
   -0.07194484
   -0.07212571
    0.07262128
    0.32392166
    0.32373670
    0.07263854
   -0.05289749
    0.32389685
    0.05141921
    0.08340134
    0.08339497
    0.32372340
    0.05257062
   -0.07239852
   -0.06694657
   -0.05426998
   -0.07062291
    0.04260254
   -0.07276543
   -0.05493064
    0.05233245
   -0.06799862
   -0.05255401
   -0.06724484
   -0.05426860
   -0.06274834
   -0.06011994
   -0.06353773
   -0.06834378
   -0.06765911
   -0.05228428
   -0.06462081
   -0.07254491
   -0.06780769
   -0.07226445
   -0.06771374
   -0.06352947
   -0.06441287
   -0.06388555
    0.05274724
    0.02097830
    0.04699771
   -0.05954718
    0.04680487
    0.01977320
    0.01882989
    0.01725014
    0.07957319
    0.07594045
    0.04744534
    0.08945580
    0.08914695
   -0.01758397
    0.05002423
    0.07322086
    0.07158540
    0.01594978
    0.09413235
    0.08276565
    0.04649836
    0.02965634
    0.04718629
    0.06067819
    0.06036419
    0.06028917
    0.06077940
    0.09078753
    0.08902938
    0.08913776
    0.08857932
    0.05060726
    0.02243471
    0.01858104
    0.07201539
    0.07162386
    0.07247755
    0.07168986
    0.01727620
    0.06154501
    0.06078712
    0.05151873
    0.05793366
    0.02338917
    0.05359268
    0.05357729
    0.06397341
    0.04669005
    0.06199339
    0.05980449
    0.05054174
    0.02210560
    0.01816015
    0.05540322
    0.05851027
    0.04663870
    0.02231406
    0.05278474
    0.05841051
    0.05058865
    0.02100000
    0.06204065
    0.02900937
    0.06196810
    0.02226785
    0.06460538
    0.03042641
    0.05935434
    0.05515776
    0.05725635
    0.05293623
    0.04701728
    0.02047802
    0.03261075
    0.06469675
    0.06279436
    0.06026918
    0.05334215
    0.05733122
    0.06109596
    0.05974912
    0.05290776
    0.05742506
    0.03055118
    0.06348684
    0.06331606
    0.03131037
    0.03048493
    0.06325748
    0.06181629
    0.05873952
   -0.18650224
    0.06972075
    0.04635251
    0.04282976
   -0.06624141
    0.04957496
    0.05858473
   -0.06096490
   -0.10008660
    0.04653988
    0.04913700
    0.09268361
    0.36673749
    0.08955006
   -0.40285336
   -0.46447370
    0.38383555
   -0.27425482
   -0.27189967
   -0.26316756
    0.55230171
   -0.26290052
   -0.28360556
   -0.28343790
