   -0.97119032
   -0.51348169
   -0.50861309
   -0.51288909
   -0.51163472
   -0.51242063
   -0.51038643
   -0.15899076
   -0.15153518
   -0.15304783
   -0.15044572
   -0.15220476
   -0.15389943
   -0.14940612
   -0.14814586
   -0.15801915
   -0.15321030
   -0.15144462
   -0.15090642
    0.32910996
    0.32914659
    0.12137321
    0.05217135
    0.12502348
    0.04050454
    0.32921537
    0.32877923
    0.12006717
    0.04758820
    0.12038554
    0.04624583
    0.32904710
    0.32840473
    0.12298445
    0.04592128
    0.12265674
    0.04641759
    0.00010919
    0.08038602
    0.07898100
    0.00581421
   -0.03559402
    0.00477027
   -0.03002739
    0.02165876
   -0.02899245
    0.04398246
   -0.02776109
    0.05047572
   -0.03600283
    0.04960414
    0.00364393
    0.06341284
    0.07760255
    0.00467488
   -0.04053244
    0.04296899
   -0.03161529
    0.04382888
   -0.03376514
    0.04481152
   -0.03096492
    0.04207935
   -0.03399919
    0.03163785
    0.00483992
    0.06151870
    0.07818894
    0.00342578
   -0.03419586
    0.03586105
   -0.03081991
    0.04186463
   -0.03316565
    0.04419190
   -0.03169006
    0.04296344
   -0.04130841
    0.04459184
    0.00229030
    0.07942062
    0.06443280
    0.00502343
   -0.03337838
    0.03022265
   -0.03113191
    0.04166756
   -0.03424218
    0.04359763
   -0.03172616
    0.04343419
   -0.04028909
    0.04487127
    0.00024358
    0.08192286
    0.07092893
    0.00856313
   -0.03478237
    0.04731883
   -0.02886279
    0.04932648
   -0.03108949
    0.04367886
   -0.02844349
    0.02679214
   -0.03359778
    0.00117931
    0.00289323
    0.06603432
    0.07907841
    0.00427058
   -0.04064923
    0.04367844
   -0.03197303
    0.04382023
   -0.03378568
    0.04377551
   -0.03079686
    0.04114340
   -0.03391572
    0.03203298
    0.07522350
    0.10129325
    0.09379944
    0.07074150
    0.10006938
    0.09791061
    0.07466924
    0.10248932
    0.09460207
   -0.51348386
   -0.50861331
   -0.51289207
   -0.51162985
   -0.51242480
   -0.51039128
   -0.15899363
   -0.15153140
   -0.15304270
   -0.15043875
   -0.15220505
   -0.15389837
   -0.14940853
   -0.14815095
   -0.15801740
   -0.15320672
   -0.15144150
   -0.15091077
    0.32910909
    0.32914480
    0.12137520
    0.05216017
    0.12502016
    0.04050683
    0.32921583
    0.32877986
    0.12006913
    0.04759175
    0.12039115
    0.04624624
    0.32904937
    0.32840385
    0.12298305
    0.04592558
    0.12265877
    0.04641635
    0.00010576
    0.08038880
    0.07898804
    0.00581440
   -0.03559435
    0.00477073
   -0.03002727
    0.02165662
   -0.02899317
    0.04398134
   -0.02776080
    0.05047644
   -0.03600296
    0.04960541
    0.00364148
    0.06341806
    0.07760684
    0.00467520
   -0.04053215
    0.04296702
   -0.03161481
    0.04382903
   -0.03376525
    0.04481145
   -0.03096502
    0.04207939
   -0.03399935
    0.03163348
    0.00484073
    0.06151853
    0.07818602
    0.00342553
   -0.03419670
    0.03586528
   -0.03082024
    0.04186432
   -0.03316561
    0.04419164
   -0.03169023
    0.04296375
   -0.04130918
    0.04459204
    0.00229254
    0.07941324
    0.06442679
    0.00502004
   -0.03337880
    0.03022704
   -0.03113084
    0.04166953
   -0.03424248
    0.04359681
   -0.03172694
    0.04343174
   -0.04028874
    0.04487384
    0.00024427
    0.08192022
    0.07092398
    0.00856259
   -0.03478105
    0.04731901
   -0.02886285
    0.04932671
   -0.03108865
    0.04368017
   -0.02844328
    0.02679212
   -0.03359793
    0.00118049
    0.00289685
    0.06602831
    0.07907705
    0.00426478
   -0.04065434
    0.04369065
   -0.03197982
    0.04382789
   -0.03379128
    0.04377530
   -0.03080134
    0.04115492
   -0.03391767
    0.03203942
    0.07522422
    0.10129321
    0.09380165
    0.07074179
    0.10007271
    0.09791014
    0.07467056
    0.10248801
    0.09460075
