   -0.50418281
   -0.50161380
   -0.50049003
   -0.50277391
   -0.50748324
   -0.50393588
   -0.15717045
   -0.14761974
   -0.15390639
   -0.14583200
   -0.15094381
   -0.15115414
   -0.14861993
   -0.14493067
   -0.15178001
   -0.15188116
   -0.14378777
   -0.14470985
    0.32642187
    0.32549937
    0.11572037
    0.04748425
    0.11434926
    0.04814277
    0.32594352
    0.32221951
    0.11314300
    0.05157178
    0.11415136
    0.04906609
    0.32720378
    0.32179819
    0.11267123
    0.05330406
    0.11387556
    0.05176738
   -0.00973483
    0.07813841
    0.07332769
    0.07270491
    0.06439498
    0.11199536
    0.10924881
    0.06310277
    0.10704940
    0.11240603
    0.06644517
    0.10473744
    0.10945573
   -0.01912973
    0.08137636
    0.06002046
    0.09576199
   -0.01172483
    0.07607828
    0.07407379
    0.06661928
   -0.00696765
    0.07762308
    0.08515519
    0.08756609
   -0.01000809
    0.07712868
    0.09000684
    0.08759790
   -0.00830895
    0.08857482
    0.08766788
    0.07815475
   -0.50683502
   -0.49513475
   -0.50380590
   -0.50208313
   -0.50274178
   -0.50528656
   -0.15224502
   -0.14951945
   -0.15384019
   -0.14025111
   -0.15110411
   -0.15097581
   -0.14763479
   -0.14512496
   -0.15692771
   -0.15166620
   -0.15331390
   -0.14704051
    0.32757552
    0.32578413
    0.11586902
    0.04902562
    0.11335321
    0.04792387
    0.32610486
    0.32218491
    0.11273502
    0.05394184
    0.11475310
    0.04681575
    0.32741364
    0.32610536
    0.11487842
    0.05033228
    0.11688959
    0.04416621
   -0.01063853
    0.07335933
    0.07022337
    0.07398182
    0.06475227
    0.11035989
    0.11002357
    0.06470119
    0.10572355
    0.10947429
    0.06858367
    0.10284069
    0.10876035
   -0.01173496
    0.08542339
    0.07302325
    0.09820644
   -0.01246865
    0.07752724
    0.07525727
    0.06692685
   -0.00717273
    0.07774433
    0.08626602
    0.08666782
   -0.01059560
    0.07508261
    0.08059642
    0.07215237
   -0.01586499
    0.09420959
    0.07880222
    0.06261236
    0.05053906
    0.03237650
   -0.33665087
    0.07246786
    0.05040204
    0.04754856
    0.07378849
    0.05003934
   -0.34358848
    0.04825658
    0.07349573
    0.04679709
    0.07602012
    0.04599255
    0.04437136
    0.04392743
   -0.34943929
    0.02115600
    0.04707485
    0.04705201
    0.08278934
    0.04861726
   -0.33760178
    0.03128706
    0.07371586
    0.04891914
    0.07956408
    0.04751889
    0.04416274
    0.04364244
   -0.34572077
    0.06968916
    0.04224997
    0.05831769
    0.07748817
    0.04196461
   -0.34721143
    0.04204577
    0.02077072
    0.04691703
    0.08260858
    0.04674653
   -0.33154345
    0.08451451
    0.03934436
    0.06876353
    0.04621202
    0.05056360
    0.07422731
    0.05385699
   -0.34686455
    0.04630049
    0.07542930
    0.04989811
    0.07883550
    0.04238911
    0.04526154
    0.03644267
   -0.34739868
    0.02572529
    0.04945080
    0.04200036
    0.08428628
    0.04853832
   -0.33743068
    0.03321553
    0.07318036
    0.04895903
    0.07949687
    0.04879992
    0.04356602
    0.04414709
   -0.34539956
    0.06935908
    0.04203800
    0.05892829
    0.07718184
    0.04187343
   -0.34738053
    0.04267061
    0.02072877
    0.04672135
    0.08229017
    0.04699709
    0.07696927
    0.03482724
   -0.33310111
    0.06932694
    0.04660895
    0.05263067
    0.07847105
    0.04568010
   -0.34509497
    0.04688395
    0.07484268
    0.05049518
    0.07796971
    0.04319609
    0.04594182
    0.03810648
   -0.34751844
    0.02521338
    0.04949825
    0.04254364
    0.08398627
    0.09401807
    0.04616470
   -0.33583652
    0.07809903
    0.05100848
    0.02796672
    0.07317005
    0.05023230
   -0.35011021
    0.04910412
    0.07514022
    0.05102153
    0.07364182
    0.04024524
    0.04431172
    0.04508769
   -0.34772334
    0.02411995
    0.04790849
    0.03850264
    0.08530324
   -0.33807879
    0.04869761
    0.03365063
    0.07340653
    0.04915792
    0.04866248
    0.07959468
    0.04345915
   -0.34544403
    0.04373688
    0.06951926
    0.04195878
    0.07737464
    0.05861181
    0.04198756
    0.04239813
   -0.34749381
    0.02074020
    0.04689175
    0.04698366
    0.08238757
    0.08403715
   -0.33181408
    0.04064384
    0.06749978
    0.04673698
    0.07336752
    0.05218782
    0.05226637
    0.04778107
   -0.34638600
    0.07301738
    0.04895945
    0.04656322
    0.07594036
    0.04340640
   -0.34754256
    0.04093493
    0.02089249
    0.04690986
    0.08427957
    0.04526140
    0.04553138
    0.09095172
   -0.33547041
    0.07997872
    0.02568164
    0.05050276
    0.07519741
    0.04575827
   -0.34936122
    0.05147977
    0.07830408
    0.03645008
    0.07480837
    0.05007386
    0.04335640
    0.04734519
   -0.34942772
    0.02133280
    0.04480932
    0.05207919
    0.08194499
   -0.33214268
    0.05970196
    0.04862726
    0.07121212
    0.04536733
    0.05080328
    0.07362339
    0.05421874
   -0.34912635
    0.04784342
    0.07457513
    0.04708389
    0.07653513
    0.04789028
    0.04146946
    0.04213802
   -0.34731855
    0.02134408
    0.04594393
    0.04577711
    0.08411960
   -0.33251886
    0.03725642
    0.07955063
    0.06955383
    0.05062565
    0.04568384
    0.07451542
    0.04605827
   -0.34632580
    0.05344441
    0.07525007
    0.04270105
    0.07846887
    0.04957533
    0.03758718
    0.04557802
   -0.34775899
    0.02528937
    0.04276671
    0.04966092
    0.08417989
   -0.34051305
    0.03732875
    0.05802471
    0.07442541
    0.04290821
    0.05064283
    0.07768397
    0.04101655
   -0.34296043
    0.04786263
    0.07428406
    0.04402098
    0.07611791
    0.04663107
    0.04364322
    0.04558157
   -0.34956292
    0.02072873
    0.04723662
    0.04799653
    0.08344716
   -0.97416654
