   -0.50515513
   -0.49532679
   -0.50042638
   -0.49645378
   -0.50751367
   -0.49740293
   -0.15357533
   -0.14464250
   -0.15284469
   -0.14726165
   -0.14794131
   -0.14862500
   -0.14843852
   -0.14468562
   -0.14935251
   -0.14944554
   -0.14362097
   -0.14421221
    0.32568857
    0.32309725
    0.11658287
    0.05214981
    0.11432119
    0.05476487
    0.32480863
    0.31929526
    0.11369626
    0.05772135
    0.11394905
    0.05588528
    0.32621329
    0.31896422
    0.11284136
    0.05969145
    0.11355974
    0.05860700
   -0.00908335
    0.07693133
    0.07264192
    0.07544294
    0.06643994
    0.10677648
    0.10444463
    0.06506659
    0.10284719
    0.10616568
    0.06767002
    0.10104543
    0.10411340
   -0.01674957
    0.08170856
    0.06376659
    0.08933960
   -0.01067152
    0.07215022
    0.07671544
    0.06877389
   -0.00525899
    0.07876607
    0.08601666
    0.08396458
   -0.00759045
    0.07842421
    0.09104489
    0.08148889
   -0.00636951
    0.08464776
    0.08841239
    0.07918566
   -0.50710547
   -0.48789488
   -0.50368223
   -0.49593485
   -0.50339644
   -0.49961718
   -0.15000150
   -0.14686927
   -0.15429652
   -0.14129472
   -0.14824334
   -0.14842560
   -0.14761581
   -0.14505861
   -0.15381638
   -0.14905470
   -0.15219581
   -0.14789696
    0.32669088
    0.32313898
    0.11640439
    0.05394564
    0.11307236
    0.05499201
    0.32495417
    0.31927572
    0.11345421
    0.05972714
    0.11438784
    0.05463652
    0.32654596
    0.32379767
    0.11583433
    0.05489938
    0.11617359
    0.05196616
   -0.00913112
    0.06943595
    0.07150018
    0.07625935
    0.06679366
    0.10517156
    0.10520049
    0.06653142
    0.10174175
    0.10352163
    0.07019698
    0.09911321
    0.10386632
   -0.01023065
    0.08596437
    0.07524818
    0.09436291
   -0.01095492
    0.07329896
    0.07755803
    0.06899600
   -0.00566534
    0.07881359
    0.08693596
    0.08349194
   -0.00964214
    0.07486543
    0.08238593
    0.06950656
   -0.01395101
    0.08977345
    0.07919382
    0.06479074
    0.04883661
    0.03030084
   -0.33350928
    0.07533772
    0.04709587
    0.04425214
    0.07606338
    0.04715648
   -0.33918570
    0.04567716
    0.07561868
    0.04457093
    0.07772067
    0.04377092
    0.04216117
    0.04165763
   -0.34042800
    0.02674091
    0.04403975
    0.04390850
    0.07684840
    0.04632374
   -0.33506417
    0.02957544
    0.07631120
    0.04574102
    0.08058981
    0.04456922
    0.04193732
    0.04264346
   -0.34138952
    0.07104665
    0.04017714
    0.05796887
    0.07863382
    0.04001677
   -0.34001497
    0.04078475
    0.02626314
    0.04399522
    0.07677173
    0.04376915
   -0.32892069
    0.08089699
    0.03616377
    0.07064695
    0.04285692
    0.05081493
    0.07632542
    0.04968267
   -0.34257544
    0.04518296
    0.07739246
    0.04649337
    0.07997268
    0.04093845
    0.04268022
    0.03592137
   -0.34144318
    0.02897647
    0.04576512
    0.04043474
    0.08119411
    0.04643039
   -0.33491535
    0.03105128
    0.07590274
    0.04579169
    0.08031517
    0.04565775
    0.04162240
    0.04316711
   -0.34106021
    0.07085061
    0.04001754
    0.05833057
    0.07835338
    0.03990249
   -0.34013134
    0.04146324
    0.02623347
    0.04377075
    0.07657958
    0.04390576
    0.07544323
    0.03255786
   -0.33193297
    0.07092991
    0.04396526
    0.05197894
    0.07850754
    0.04493133
   -0.34143540
    0.04592437
    0.07695215
    0.04684575
    0.07914323
    0.04137437
    0.04327770
    0.03755032
   -0.34183349
    0.02847886
    0.04588487
    0.04103517
    0.08080856
    0.08503705
    0.04415059
   -0.33270266
    0.07993007
    0.04614679
    0.03109147
    0.07503639
    0.04476470
   -0.34732211
    0.05185149
    0.07791823
    0.04683863
    0.07495488
    0.03925326
    0.04176588
    0.04487214
   -0.33994637
    0.02851702
    0.04416756
    0.03893985
    0.07818283
   -0.33535682
    0.04653944
    0.03127842
    0.07614226
    0.04588376
    0.04547043
    0.08058849
    0.04125194
   -0.34117184
    0.04283835
    0.07093630
    0.03994590
    0.07853032
    0.05820929
    0.03992753
    0.04118518
   -0.34016259
    0.02625304
    0.04391281
    0.04391566
    0.07663948
    0.08056626
   -0.32907568
    0.03693824
    0.06944382
    0.04297550
    0.07577201
    0.05265517
    0.04823628
    0.04588389
   -0.34213316
    0.07537547
    0.04628015
    0.04424624
    0.07763313
    0.04109074
   -0.33887410
    0.03906193
    0.02650783
    0.04372947
    0.07807597
    0.04254965
    0.04353996
    0.08408056
   -0.33225708
    0.08212895
    0.02763914
    0.04555965
    0.07709006
    0.04770173
   -0.34672698
    0.04673957
    0.08042930
    0.03589137
    0.07655044
    0.04657011
    0.04236921
    0.04431451
   -0.34232544
    0.02620541
    0.04275825
    0.04794660
    0.07718141
   -0.33086729
    0.05796748
    0.04809101
    0.07333177
    0.04373269
    0.04907247
    0.07510269
    0.05167640
   -0.34449200
    0.04542988
    0.07663922
    0.04515745
    0.07813431
    0.04489128
    0.03971566
    0.04010301
   -0.33898918
    0.02694642
    0.04315794
    0.04289042
    0.07773252
   -0.33014708
    0.03443590
    0.07761491
    0.07139255
    0.05083497
    0.04241068
    0.07660051
    0.04468894
   -0.34191627
    0.04934213
    0.07719675
    0.04113842
    0.07949551
    0.04609912
    0.03712355
    0.04312018
   -0.34197037
    0.02843335
    0.04123826
    0.04606255
    0.08101067
   -0.33594710
    0.03615282
    0.05121842
    0.07735637
    0.04052322
    0.04572316
    0.07891452
    0.04235329
   -0.33933236
    0.04493658
    0.07641034
    0.04233846
    0.07788373
    0.04433824
    0.04100419
    0.04300244
   -0.34050423
    0.02638326
    0.04398821
    0.04477200
    0.07742190
   -0.97702930
