   -0.49883355
   -0.50579558
   -0.50529410
   -0.50998873
   -0.50085805
   -0.50438969
   -0.15464764
   -0.14745682
   -0.14370029
   -0.14761881
   -0.15371806
   -0.15109778
   -0.14265827
   -0.14482736
   -0.14918053
   -0.15169880
   -0.14710264
   -0.14452545
    0.32656245
    0.32574872
    0.11683907
    0.04343915
    0.11638895
    0.03837445
    0.32246628
    0.32538334
    0.11318881
    0.04503874
    0.11027567
    0.05128444
    0.32542050
    0.32749885
    0.11485397
    0.04260480
    0.11830224
    0.03441216
   -0.01312890
    0.09516435
    0.09285998
    0.02120756
   -0.03212427
    0.01626409
   -0.02582358
    0.02994068
   -0.02699127
    0.36826524
   -0.01482011
    0.06831304
   -0.02611176
    0.07312684
   -0.00677543
    0.07277667
    0.10255706
    0.01901329
   -0.03774310
    0.07058897
   -0.01919120
    0.06979999
   -0.03214243
    0.35984562
   -0.03170099
    0.07331683
   -0.03134364
    0.04886905
   -0.00716723
    0.08548921
    0.09195522
    0.01994313
   -0.03369294
    0.03453156
   -0.02064300
    0.05497069
   -0.03064914
    0.37042057
   -0.03134429
    0.07838247
   -0.03857872
    0.06964002
   -0.00850306
    0.09416091
    0.07627545
    0.01910075
   -0.02941436
    0.05174202
   -0.03162812
    0.06930431
   -0.03032170
    0.36564472
   -0.02074065
    0.07020762
   -0.03768911
    0.06920872
   -0.01466826
    0.09712575
    0.11099136
    0.01979086
   -0.03853035
    0.08096720
   -0.03230514
    0.08147851
   -0.03609764
    0.36221484
   -0.02085728
    0.03990826
   -0.03194161
    0.01848934
   -0.00889967
    0.07946000
    0.09462893
    0.01825496
   -0.03739594
    0.06755576
   -0.03269065
    0.07445890
   -0.03059148
    0.36558947
   -0.01921636
    0.06439529
   -0.02905549
    0.05151612
    0.06383039
    0.10795572
    0.10698880
    0.06772892
    0.09912068
    0.10218678
    0.06349465
    0.10900926
    0.10470568
   -0.49837236
   -0.51252185
   -0.49647588
   -0.51058714
   -0.50741713
   -0.50143774
   -0.15789153
   -0.14270539
   -0.13896734
   -0.13117031
   -0.15082993
   -0.14446168
   -0.13505199
   -0.12995799
   -0.15078072
   -0.14856604
   -0.15043158
   -0.13946018
    0.32354650
    0.32367663
    0.10691245
    0.05072689
    0.10786821
    0.05536855
    0.32662662
    0.32410769
    0.11322892
    0.04193232
    0.11407963
    0.04168604
    0.32279698
    0.32796592
    0.10990717
    0.04940531
    0.11073947
    0.05064763
   -0.02058455
    0.10377096
    0.11405692
    0.01387875
   -0.04196192
    0.01600020
   -0.02605188
    0.02297037
   -0.03317069
    0.36555689
   -0.02321589
    0.07635798
   -0.03761484
    0.08626208
   -0.01181421
    0.08554458
    0.10723160
    0.01505840
   -0.04212732
    0.06906963
   -0.02228349
    0.07464475
   -0.01828725
    0.36945242
   -0.02298523
    0.06059795
   -0.03478336
    0.04122793
   -0.00623120
    0.06857124
    0.09279015
    0.01677876
   -0.03311879
    0.07004801
   -0.03320136
    0.07704943
   -0.03035622
    0.36510385
   -0.01848223
    0.05696573
   -0.03723213
    0.06515550
   -0.01234904
    0.09015845
    0.08315800
    0.01958683
   -0.03150728
    0.05736368
   -0.03340256
    0.07549661
   -0.03038461
    0.36598404
   -0.02049758
    0.06681707
   -0.03655502
    0.06402337
   -0.01317991
    0.08107342
    0.10885538
    0.01415023
   -0.03937261
    0.06595171
   -0.03371564
    0.06777944
   -0.03490830
    0.36044750
   -0.02077347
    0.05735144
   -0.03386793
    0.05644880
   -0.00704956
    0.07321044
    0.09400419
    0.01838658
   -0.03929177
    0.06594390
   -0.02407404
   -0.02100995
   -0.02411827
   -0.03232414
    0.05735954
    0.06332893
    0.10493751
    0.11142616
    0.06204719
    0.10557063
    0.10605895
    0.06444487
    0.10492868
    0.11038597
   -0.39635190
    0.07231567
    0.07876896
    0.36329783
   -0.41511963
   -0.49439383
    0.41873141
   -0.49685411
    0.40676266
   -0.47739946
   -0.38489072
    0.38401598
   -0.46561083
   -0.38829598
    0.39733081
   -0.46425326
   -0.47205443
   -0.46728395
   -0.46321811
   -0.46657690
   -0.46855298
   -0.46852339
   -0.46692384
   -0.41035536
    0.40891936
   -0.41201111
    0.40390488
   -0.41258411
    0.40505428
   -0.39814877
    0.39359487
   -0.40416433
    0.39506301
   -0.41291082
    0.40720591
   -0.40940893
    0.40761872
   -0.41032253
    0.38368693
    0.74194722
   -0.43125159
   -0.43161357
   -0.43051541
   -0.43060882
