    0.08796410
   -0.06635188
   -0.04002579
    0.07561767
    0.07503945
   -0.02333094
   -0.02299364
    0.04842458
    0.05145560
   -0.01803614
    0.05459658
    0.05127740
   -0.01798328
    0.05526294
   -0.20353141
   -0.14504422
   -0.20252992
   -0.14456141
    0.09826905
    0.09753259
   -0.97913311
   -0.14715246
    0.23384386
   -0.14768418
    0.23372685
    0.27314523
   -0.44908744
    0.27345868
   -0.44588055
    0.04534851
    0.01563308
   -0.03738444
   -0.04328338
   -0.03461816
   -0.03405851
    0.03963392
    0.06425725
    0.05279360
    0.04338567
    0.02669012
    0.04531356
    0.01570957
   -0.04330764
   -0.03743208
   -0.02902380
   -0.03918104
    0.06444217
    0.04016548
    0.03618822
    0.06026627
    0.02687321
    0.04918337
    0.04930076
    0.05400249
   -0.32171291
    0.04871625
    0.05309653
    0.04739708
   -0.32269954
   -0.11653803
   -0.10971448
   -0.10964486
   -0.11103942
   -0.11254809
   -0.11247004
    0.03461291
    0.04654257
    0.03453888
    0.03493566
    0.04899619
    0.04320771
    0.03664514
    0.04815982
    0.03373329
    0.04219501
    0.04757354
    0.04224784
    0.03662961
    0.03371980
    0.04806576
    0.03477032
    0.04331892
    0.04898575
    0.07757399
    0.07737817
    0.04637745
    0.04409744
    0.07928445
    0.04047182
   -0.32389677
    0.03914004
    0.07832234
    0.07881625
    0.03936894
    0.03943984
   -0.32708728
    0.03838536
    0.03839036
    0.03017700
    0.07198356
    0.03963471
    0.03998209
    0.04567809
    0.07906552
    0.04451199
    0.04039911
    0.04006374
   -0.32387147
    0.07818022
    0.03882459
    0.03829528
    0.07879249
    0.03961595
   -0.32698955
    0.03908970
    0.03024459
    0.03974867
    0.07192605
    0.03967759
