   -0.05094766
    0.11712343
    0.09452040
   -0.03043121
   -0.03997847
    0.04017941
   -0.04271491
    0.02849604
   -0.02891448
    0.03221973
   -0.05952919
    0.03839915
    0.06391284
   -0.02520673
    0.09929201
    0.11591865
    0.08670368
   -0.03344694
    0.09951432
    0.00626560
    0.09434282
   -0.02963338
    0.09168069
    0.08800339
   -0.01198361
    0.08321547
    0.09919402
    0.06135445
   -0.06456721
    0.03920312
   -0.02864717
    0.03391421
   -0.04538849
    0.03290785
   -0.04035975
    0.04607245
   -0.03889886
   -0.04407352
    0.10150180
    0.09743153
   -0.03772387
    0.11897285
    0.10133517
    0.06327499
    0.05996435
    0.05405575
   -0.30586599
    0.07490375
    0.03206547
    0.04624076
    0.08112852
    0.02943546
    0.04376709
   -0.30734773
    0.08133913
    0.04954511
    0.04218545
   -0.03415554
    0.10342347
    0.10227252
   -0.04399041
    0.09727077
    0.13285827
    0.06111836
    0.06575844
    0.06418488
    0.05583600
    0.07757009
    0.06354562
   -0.04141132
    0.10811604
    0.11081772
   -0.19644651
   -0.03364803
   -0.18777583
    0.01145280
    0.01455148
   -0.31227556
    0.28589240
    0.29238381
    0.20983277
    0.27871582
    0.22005111
   -0.80987095
