   -0.92776503
    0.00619605
    0.00621415
    0.00497763
    0.00500935
    0.00607505
    0.00599533
    0.00459089
    0.00478487
   -0.09217048
   -0.09345301
   -0.09231369
   -0.09344666
    0.16805708
    0.16971972
    0.16838003
    0.17008191
    0.02390351
   -0.08751930
   -0.08753532
    0.02380596
    0.02142351
    0.02316635
   -0.08667193
   -0.08667897
    0.02319757
    0.02140342
    0.02378404
   -0.08746918
   -0.08747461
    0.02392405
    0.02143644
    0.02327324
   -0.08651091
   -0.08652263
    0.02307799
    0.02141099
   -0.09494296
    0.03396686
    0.02613647
    0.02617615
   -0.10710663
    0.04161803
    0.03707345
    0.03739645
   -0.09510681
    0.03377769
    0.02640411
    0.02634738
   -0.10713897
    0.04167336
    0.03742636
    0.03708933
   -0.10707075
    0.04171644
    0.03692066
    0.03727378
   -0.09530257
    0.03422900
    0.02626669
    0.02626058
   -0.10714278
    0.04170282
    0.03740555
    0.03707234
   -0.09512726
    0.03358578
    0.02657356
    0.02648851
