    0.05458192
   -0.21929465
   -0.16117547
    0.08310752
   -0.02098005
    0.04135446
   -0.08854174
    0.15307234
   -0.09849521
    0.18084814
   -0.09671607
    0.17865293
   -0.08957034
    0.15350381
    0.02476426
   -0.08249610
    0.00433085
   -0.08245960
   -0.00242297
    0.02946228
    0.01904849
   -0.10825916
    0.03671420
    0.03699289
    0.04208851
    0.02294214
   -0.08941250
    0.00602829
   -0.08909325
    0.00501938
    0.02134164
    0.02214387
   -0.09339916
    0.04014657
    0.02296288
    0.02373642
   -0.10593613
    0.03686098
    0.03591616
    0.04092201
    0.02187467
   -0.08930946
    0.00515791
   -0.08988019
    0.00527119
    0.02336997
    0.01949946
   -0.10726371
    0.04121659
    0.03583922
    0.03640146
    0.02968695
   -0.08177430
   -0.00465343
   -0.08196841
    0.00356580
    0.02514230
    0.01984591
   -0.10838040
    0.04191411
    0.04128898
    0.03932403
   -0.10540092
    0.02516918
    0.04049449
    0.04123272
   -0.05569263
    0.04268247
    0.02096108
   -0.05714160
    0.03392157
    0.03685307
   -0.05634230
    0.03062741
    0.03490294
   -0.05823471
    0.03700858
    0.05733182
   -0.01209086
    0.05205881
    0.07291529
   -0.05972864
    0.04377587
    0.02934124
   -0.04961680
    0.02371543
    0.04166633
   -0.05332368
    0.02763838
    0.02369515
   -0.05546927
    0.03360238
    0.02865318
   -0.05190254
    0.01841215
    0.03869446
   -0.93486926
