   -0.05100890
    0.11015177
    0.10670042
   -0.03710025
   -0.03965010
    0.04871643
   -0.04047894
    0.03133889
   -0.02723758
    0.03080060
   -0.05857456
    0.04522514
    0.05762099
   -0.02607634
    0.09159673
    0.12723558
    0.09206558
   -0.03174120
    0.10555290
    0.00660984
    0.10163623
   -0.02936404
    0.09896539
    0.09661360
   -0.01907441
    0.08099973
    0.10130241
    0.05708230
   -0.05979008
    0.04439559
   -0.02679872
    0.04242191
   -0.04013180
    0.04172563
   -0.03878701
    0.05646766
   -0.03529909
   -0.04891864
    0.10537371
    0.11016478
   -0.04428130
    0.12400297
    0.11283381
    0.05639767
    0.06985754
    0.06058320
   -0.31334923
    0.06815008
    0.04118871
    0.05762779
    0.06926048
    0.03713731
    0.04790740
   -0.30293062
    0.06692460
    0.04470116
    0.05297455
   -0.04509602
    0.11571780
    0.10988430
   -0.05794193
    0.10924629
    0.15335696
    0.05908049
    0.07546329
    0.06037013
    0.05211056
    0.08014041
    0.06599212
   -0.04851878
    0.11764174
    0.12015787
   -0.20167612
   -0.01515285
   -0.19872983
    0.01292534
    0.00986613
   -0.31885121
    0.28782996
    0.28734055
    0.19531604
    0.28142593
    0.20502186
    1.06525305
   -0.49850080
   -0.51363449
   -0.50190409
   -0.49385297
