   -0.50154659
   -0.50393966
   -0.51004701
   -0.50956594
   -0.51211773
   -0.50151105
   -0.16459072
   -0.15746895
   -0.15965758
   -0.15186375
   -0.15037991
   -0.15259247
   -0.14709908
   -0.14539100
   -0.15553823
   -0.15100718
   -0.14633821
   -0.14881573
    0.33691372
    0.32704296
    0.10683692
    0.05884426
    0.12064134
    0.02970060
    0.32634391
    0.32552864
    0.09711533
    0.06875282
    0.10744113
    0.05251317
    0.32885485
    0.32717618
    0.11699323
    0.04196862
    0.11688588
    0.03752842
   -0.00534345
    0.07909675
    0.08391812
    0.00366302
   -0.04212076
   -0.00158989
   -0.03419911
    0.02285125
   -0.02970499
    0.04923391
   -0.02596373
    0.05565543
   -0.03426364
    0.05464446
   -0.00320413
    0.07396525
    0.07998848
    0.00494093
   -0.04126755
    0.04322640
   -0.03204353
    0.04550196
   -0.03407855
    0.04583240
   -0.03108815
    0.04237027
   -0.03447134
    0.03037212
    0.00221016
    0.05512729
    0.08035036
    0.00342894
   -0.03484164
    0.04131214
   -0.03101429
    0.04397730
   -0.03321156
    0.04541468
   -0.03165157
    0.04334109
   -0.04194006
    0.04220877
   -0.00227434
    0.08336432
    0.06339323
    0.00521663
   -0.03397488
    0.03795361
   -0.03075826
    0.04353022
   -0.03392522
    0.04460736
   -0.03265490
    0.04355945
   -0.04206739
    0.04135050
   -0.00610875
    0.08728095
    0.08307407
    0.00705709
   -0.03884651
    0.04894360
   -0.02986940
    0.05067960
   -0.03102844
    0.04574708
   -0.02941438
    0.02869479
   -0.03791431
   -0.00083097
   -0.00190037
    0.06968295
    0.08423545
    0.00350903
   -0.04256824
    0.04491866
   -0.03244054
    0.04477315
   -0.03403846
    0.04453102
   -0.03103963
    0.04215022
   -0.03486225
    0.03229944
    0.07413290
    0.10309106
    0.09479596
    0.06746042
    0.10520135
    0.09944305
    0.06963911
    0.10677815
    0.09982017
   -0.49143688
   -0.48708654
   -0.50705799
   -0.50503884
   -0.50384842
   -0.49919608
   -0.16224143
   -0.15389770
   -0.15924938
   -0.14185653
   -0.15395433
   -0.15330401
   -0.14394531
   -0.14371128
   -0.15837485
   -0.15546138
   -0.14890012
   -0.16119898
    0.32484146
    0.32967184
    0.10593426
    0.10709733
    0.11875959
    0.03912673
    0.32518900
    0.32626918
    0.11286406
    0.03875662
    0.11031154
    0.04852039
    0.32758779
    0.32878417
    0.11761289
    0.04430518
    0.10440310
    0.09861741
   -0.00433298
    0.07437201
    0.09033495
    0.00653977
   -0.04060932
    0.09736303
   -0.02969705
    0.04343131
   -0.02649160
    0.06128908
   -0.02316142
    0.06752421
   -0.02786404
    0.07264150
   -0.00140043
    0.06747513
    0.08471901
    0.00502632
   -0.04110191
    0.04458036
   -0.03154077
    0.04681950
   -0.03353247
    0.04741963
   -0.03100020
    0.04441208
   -0.03531118
    0.03206996
    0.00096448
    0.06041535
    0.08570965
    0.00335460
   -0.03428553
    0.03549169
   -0.03070796
    0.04335224
   -0.03339548
    0.04554333
   -0.03206460
    0.04484342
   -0.04226262
    0.04425384
   -0.00341984
    0.08153898
    0.06741992
    0.00544481
   -0.03444764
    0.03878417
   -0.03111568
    0.04307152
   -0.03398241
    0.04400113
   -0.03238232
    0.04315650
   -0.04231785
    0.04464578
   -0.00176905
    0.08018021
    0.07594005
    0.00858779
   -0.03528905
    0.04868108
   -0.03044587
    0.05076275
   -0.03267995
    0.04710777
   -0.03037421
    0.03320850
   -0.03912664
    0.01328505
    0.00415642
    0.05627834
    0.07848956
    0.00313465
   -0.04254772
    0.04752458
   -0.03171274
    0.04464936
   -0.03386321
    0.04564266
   -0.03128488
    0.04394345
   -0.03518335
    0.03795671
    0.06934914
    0.10890159
    0.09976359
    0.06398427
    0.10972828
    0.10567567
    0.06812363
    0.11111091
    0.10198232
   -0.45260996
   -0.50365240
    0.60482168
   -0.47472861
   -0.49082091
