    1.06383250
    1.06639231
    1.05588316
   -0.57713205
   -0.59376719
   -0.34937694
   -0.38199085
   -0.58006207
   -0.59614765
   -0.37182342
   -0.36100071
   -0.36065934
   -0.58948856
   -0.58326954
   -0.37251296
   -0.09240536
   -0.09026098
   -0.09381714
   -0.06145760
   -0.00170928
    0.28896122
    0.28517659
   -0.00365187
   -0.06091332
   -0.13502182
    0.11602279
    0.11433977
   -0.13453643
    0.05181983
    0.07836435
    0.09678673
   -0.00178021
    0.28667500
    0.28726504
   -0.00524284
    0.03683546
    0.10232328
   -0.06728326
    0.05697841
    0.05461121
   -0.06679853
    0.05409726
    0.05975160
    0.03679021
    0.09886629
    0.03693316
    0.09931602
    0.28705882
   -0.00021462
   -0.00530660
   -0.05831586
   -0.13254360
    0.11143915
    0.11203777
   -0.13485535
    0.08134178
    0.05467172
    0.09397793
    0.28535005
   -0.06727719
    0.06113467
    0.05355837
   -0.06682498
    0.05507213
    0.05928218
   -0.06651499
    0.05366484
    0.05941517
   -0.06844499
    0.05199654
    0.06436688
   -0.13385795
    0.11467400
    0.11387751
   -0.13637780
    0.09370620
    0.05759750
    0.08327712
    1.05064744
    1.05602101
    1.05539115
   -0.58231920
   -0.59864814
   -0.37619700
   -0.41299029
   -0.58534866
   -0.60689782
   -0.38947607
   -0.37914785
   -0.36446145
   -0.59077233
   -0.58221871
   -0.37683640
   -0.10756958
   -0.09809697
   -0.09430815
   -0.06168769
   -0.01071840
    0.28878924
    0.28989388
    0.00873329
   -0.06468741
   -0.13082434
    0.11170583
    0.10836929
   -0.13120327
    0.05022649
    0.07579295
    0.09544059
   -0.00797372
    0.28361589
    0.28410529
   -0.01803526
    0.03868498
    0.10011205
   -0.06688468
    0.05596637
    0.05397265
   -0.06685066
    0.05385116
    0.05919445
    0.04310973
    0.09059854
    0.04060655
    0.09454008
    0.29175730
    0.00569306
    0.00057999
   -0.05584035
   -0.13043232
    0.10926280
    0.10937001
   -0.13372585
    0.08130470
    0.05507879
    0.09203914
    0.29018589
   -0.06653431
    0.05977942
    0.05263707
   -0.06583431
    0.05418814
    0.05907975
   -0.06536750
    0.05203485
    0.05814901
   -0.06645533
    0.04692280
    0.06172065
   -0.13173603
    0.11208211
    0.10963327
   -0.13204496
    0.09146629
    0.05607555
    0.07909556
   -0.73825870
