   -0.24633357
   -0.24424345
   -0.24982204
   -0.24915941
   -0.24281056
   -0.24551568
   -0.24941541
   -0.24958958
   -0.32918796
   -0.33360695
   -0.33096986
   -0.32666292
   -0.32991906
   -0.33596520
   -0.33267422
   -0.32739488
    0.15296156
   -0.07967166
    0.04253750
    0.15210250
   -0.06849859
   -0.02160217
    0.37006344
   -0.05468648
    0.14512746
   -0.08323055
    0.14985610
   -0.06674275
    0.03307155
   -0.00749624
   -0.06651222
    0.06878879
    0.14914104
   -0.06507334
    0.09410900
    0.14853672
   -0.05851410
   -0.02466110
    0.37105864
   -0.04600462
    0.14990192
   -0.08403653
    0.14586001
   -0.06636879
    0.06459126
   -0.00786143
   -0.06814205
    0.15132363
   -0.07886222
    0.04420470
    0.15247520
   -0.05407082
   -0.02154612
    0.37044343
   -0.06735816
    0.14672057
   -0.08365048
    0.15030119
   -0.06894244
    0.03463789
   -0.00728532
   -0.06641268
    0.06471738
    0.14859651
   -0.06497214
    0.09454161
    0.14931412
   -0.04578790
   -0.02460483
    0.37099104
   -0.05854163
    0.14971502
   -0.08319383
    0.14611851
   -0.06632287
    0.06720960
   -0.00777461
   -0.06687699
    0.03403411
    0.26681871
   -0.01067219
    0.12226653
   -0.06960871
    0.04208121
    0.12100047
   -0.00911175
   -0.05449692
    0.09184848
   -0.01140077
    0.26650459
   -0.01392211
    0.12328777
   -0.07567448
    0.05738652
    0.12428105
   -0.00622135
   -0.04791203
    0.08309542
   -0.00686292
    0.26833851
    0.12081233
   -0.06927295
    0.04076541
    0.12207259
   -0.00989154
   -0.05561382
    0.09392305
   -0.00891211
    0.26618699
   -0.01104455
    0.12323693
   -0.07615568
    0.05889302
    0.12253760
   -0.00762184
   -0.04615224
    0.08542216
   -0.00616083
   -0.01407539
    0.07102065
   -0.01582946
    0.07452012
   -0.01323935
    0.06753200
   -0.01506361
    0.07135466
   -0.06051812
    0.06128113
    0.06654918
   -0.09877644
    0.08707522
    0.07931096
    0.37118697
   -0.47842119
   -0.40900674
   -0.06898140
    0.07064978
    0.07450458
   -0.09425501
    0.07528923
    0.09096398
    0.37443421
   -0.49681412
   -0.39606033
   -0.07056947
    0.06910576
    0.07143484
   -0.10260697
    0.09569635
    0.08626336
    0.37041065
   -0.48010579
   -0.41511095
   -0.06992070
    0.07230701
    0.07020881
   -0.10568553
    0.08529782
    0.11764937
    0.37071925
   -0.48449770
   -0.42070484
    0.41789367
    0.42326489
    0.42042592
    0.42183472
   -0.51708955
   -0.52033011
    1.09055675
   -0.51586653
   -0.51524411
    0.10886226
    0.10663180
    0.10767663
   -0.45385959
    0.07964589
    0.09014051
    0.08859984
    0.09662736
    0.08864108
    0.08080878
    0.09696001
    0.08870319
   -0.45478700
   -0.45276217
   -0.45315946
   -0.39778243
    0.41581435
   -0.40132065
    0.41175676
   -0.39835109
    0.41607475
   -0.40187548
    0.40941741
   -0.01499784
    0.11095918
    0.03308137
