   -0.49426260
   -0.50467875
   -0.51007846
   -0.49778320
   -0.50362616
   -0.49551331
   -0.15758461
   -0.14920468
   -0.14013581
   -0.13912147
   -0.15585422
   -0.14997829
   -0.14574393
   -0.14352963
   -0.14882208
   -0.15270799
   -0.15429905
   -0.13755257
    0.32530236
    0.32188469
    0.10851703
    0.04455018
    0.10688164
    0.05308183
    0.32091891
    0.32319373
    0.11058682
    0.04436039
    0.10670584
    0.04985364
    0.32316159
    0.32735059
    0.10574455
    0.04859544
    0.10619557
    0.04786124
   -0.01566720
    0.09490892
    0.11069378
    0.02154121
   -0.03880278
    0.01450082
   -0.02926916
    0.02967603
   -0.03088937
    0.36237371
   -0.02052390
    0.07749653
   -0.03691861
    0.08274920
   -0.01279916
    0.08137740
    0.11388141
    0.01765474
   -0.03886020
    0.06683589
   -0.01780266
    0.06486454
   -0.03367357
    0.36161721
   -0.03229503
    0.07111188
   -0.03235032
    0.04853844
   -0.00334758
    0.08038630
    0.09954756
    0.01665780
   -0.03301630
    0.03519368
   -0.02199891
    0.06387681
   -0.03113077
    0.37068093
   -0.02966340
    0.06973813
   -0.03993372
    0.07222400
   -0.01470412
    0.10123306
    0.08213101
    0.01868645
   -0.03126736
    0.05916733
   -0.03239083
    0.07213052
   -0.03041092
    0.36563150
   -0.02073570
    0.06699535
   -0.03773600
    0.06395395
   -0.01548319
    0.08135002
    0.10856068
    0.01441178
   -0.03858849
    0.06200993
   -0.03015570
    0.04771031
   -0.03340494
    0.36499651
   -0.02409602
    0.07455450
   -0.03466166
    0.07036405
   -0.01358213
    0.08246578
    0.10223647
    0.01835063
   -0.03822728
    0.06562863
   -0.03236438
    0.07286295
   -0.03062344
    0.36577033
   -0.01966079
    0.06490554
   -0.02972731
    0.05286930
    0.06470150
    0.10664743
    0.10351241
    0.06842692
    0.10049288
    0.10097081
    0.06362763
    0.10612317
    0.10611069
   -0.49429539
   -0.50736901
   -0.50960432
   -0.48705938
   -0.50469011
   -0.50003444
   -0.15687719
   -0.14083944
   -0.14305833
   -0.12877638
   -0.15408362
   -0.14705592
   -0.15085613
   -0.14671786
   -0.15216258
   -0.15656046
   -0.15059524
   -0.14357144
    0.32553928
    0.32404455
    0.10688253
    0.04412912
    0.10640996
    0.05337716
    0.32087723
    0.32616753
    0.10649812
    0.04827754
    0.10456841
    0.05793992
    0.32403843
    0.32869239
    0.10761635
    0.04875689
    0.11095145
    0.04462753
   -0.02013774
    0.10361734
    0.12464030
    0.01740850
   -0.04103751
    0.02596133
   -0.02159679
    0.02767020
   -0.04266723
    0.35813834
   -0.03060730
    0.07666335
   -0.03801521
    0.08960247
   -0.01190850
    0.08833910
    0.10670607
    0.01418456
   -0.04225731
    0.06907639
   -0.02074078
    0.07502228
   -0.01626547
    0.37212524
   -0.02254707
    0.05808663
   -0.03519772
    0.03589978
   -0.00324895
    0.06399430
    0.08490643
    0.01620178
   -0.03302945
    0.07586621
   -0.03278264
    0.07643471
   -0.03019634
    0.36551412
   -0.01874447
    0.05604877
   -0.03743562
    0.06108400
   -0.00524830
    0.08959689
    0.06520141
    0.01891808
   -0.03097205
    0.06470747
   -0.03252066
    0.07599673
   -0.03015653
    0.36592570
   -0.02130763
    0.06798630
   -0.03707258
    0.06070813
   -0.01368592
    0.08174309
    0.11015400
    0.01290248
   -0.03985223
    0.06972616
   -0.03330072
    0.06930345
   -0.03433177
    0.36015989
   -0.02173889
    0.05885484
   -0.03400508
    0.05030346
   -0.00545673
    0.07566463
    0.08969500
    0.01770015
   -0.03918122
    0.06621765
   -0.02409461
   -0.02118086
   -0.02438332
   -0.03265348
    0.05680994
    0.06297419
    0.10613000
    0.10873244
    0.06345284
    0.10974151
    0.09960276
    0.06379751
    0.10688006
    0.10727808
   -0.39947857
    0.07302996
    0.07935161
    0.36336697
   -0.41506488
   -0.49360909
    0.41947177
   -0.49846396
    0.41080981
   -0.47382249
   -0.39535213
    0.38117089
   -0.47702456
   -0.39084646
    0.40734550
   -0.46812059
   -0.46958312
   -0.46724953
   -0.46174847
   -0.46859986
   -0.45081058
   -0.46784248
   -0.46817397
   -0.40850495
    0.40953495
   -0.41238432
    0.40589814
   -0.41244373
    0.40609180
   -0.40482876
    0.40262401
   -0.40436865
    0.39774659
   -0.41161876
    0.40718988
   -0.38822541
    0.39805532
   -0.40716573
    0.39058286
    1.20822101
   -0.36453250
   -0.36895028
   -0.36401859
   -0.36444535
   -0.36572634
   -0.36839571
