   -0.97226614
   -0.05221710
   -0.06422543
   -0.05239880
    0.00700032
   -0.05713349
    0.14362309
   -0.07003469
    0.00539880
    0.05727308
   -0.07944123
    0.15553665
   -0.06637487
    0.05856660
    0.00554753
   -0.07007909
    0.14368903
   -0.05723589
    0.00715432
   -0.13581254
   -0.18799067
    0.05411849
   -0.01587429
    0.09277818
   -0.18875794
   -0.13806823
    0.09184314
   -0.01573947
    0.05434616
    0.03508753
    0.06279760
    0.03467898
    0.06399838
    0.05552634
    0.08030166
    0.08928716
    0.05555077
    0.06416402
    0.05189593
    0.05219097
    0.05475653
    0.05450036
   -0.01561162
    0.05176867
   -0.01543870
    0.05185525
    0.09242411
    0.09150442
   -0.13697724
   -0.18632112
   -0.13475158
   -0.18553766
    0.05868859
   -0.07946162
   -0.06649471
   -0.06434115
    0.05735767
    0.15560735
    0.08947168
    0.06211981
    0.08034698
   -0.25872762
   -0.25866157
   -0.28184510
   -0.28183808
    0.07770730
    0.04954025
    0.08076635
    0.04972385
    0.07773207
    0.08069364
    0.04968119
    0.04967055
    0.04271990
   -0.32688043
    0.04237180
    0.07977298
    0.04197920
    0.08006041
    0.04221302
    0.04125258
    0.04154333
   -0.32851815
    0.07962688
    0.03960671
    0.03968975
    0.08053743
    0.03837659
   -0.32934020
    0.03841710
    0.03592490
    0.03870291
    0.06783455
    0.03871968
    0.04258266
   -0.32706162
    0.04261578
    0.07974003
    0.04219544
    0.08006888
    0.04208962
    0.04141218
    0.04140136
   -0.32855322
    0.07958592
    0.03953393
    0.03985792
    0.08051506
    0.03826680
   -0.32940488
    0.03859982
    0.03589458
    0.03872125
    0.06785284
    0.03877717
    0.03862988
    0.03967109
    0.03845063
    0.06762559
    0.03597560
    0.04181879
   -0.32944723
    0.08046757
    0.07953036
    0.04310530
   -0.32846984
    0.07964598
    0.05822661
    0.04615765
    0.07867674
    0.03864927
   -0.32468736
    0.03960486
    0.07925656
    0.03835194
    0.07097845
    0.04175245
    0.04298495
    0.05817606
    0.04587678
    0.03866150
    0.03961391
    0.03834857
    0.06767781
    0.03594925
    0.04173708
   -0.32942104
    0.08049380
    0.07951334
    0.04306267
   -0.32841758
    0.07965143
    0.05807447
    0.04598559
    0.07866434
    0.03865277
   -0.32473149
    0.03965361
    0.07923492
    0.03842916
    0.07102388
    0.04178569
    0.04308275
    0.05827222
    0.04607651
