   -0.16464059
    0.21275227
    0.27334005
   -0.01707132
   -0.02184841
    0.05215822
   -0.01655304
    0.27436341
   -0.16537299
    0.21170862
    0.01188629
    0.06219882
    0.05489281
    0.00669411
    0.02092271
    0.05565031
   -0.19153908
    0.00711792
    0.04214872
    0.03972990
   -0.06834705
    0.04512148
    0.04571989
    0.08617270
    0.03677251
    0.01919851
   -0.35014190
    0.07519559
    0.06760055
    0.04499996
    0.07489475
    0.03659191
    0.04213227
   -0.35013861
    0.08275880
    0.04672012
    0.03964135
    0.08325152
    0.04353044
    0.03747844
   -0.34984013
    0.08843998
    0.02459533
    0.02406856
   -0.06414319
    0.05986832
    0.05240794
    0.01119156
    0.04206462
    0.01167290
   -0.19543961
    0.00601974
    0.05820996
    0.01866330
    0.01204949
    0.05535490
    0.06047365
   -0.01954759
    0.05364183
   -0.02924446
    0.05316726
   -0.01936135
    0.05351723
    0.01024834
    0.02150070
    0.05114369
   -0.01216339
    0.12411169
   -0.24185290
    0.12398553
   -0.01265538
    0.01050403
    0.05360395
    0.01646592
   -0.04213250
    0.04558325
   -0.04095866
    0.04558979
   -0.03816224
    0.04606318
   -0.02147314
   -0.02187562
   -0.03851145
    0.04561447
   -0.04054536
    0.04565866
   -0.04142667
    0.04636393
   -0.53559346
   -0.53351931
   -0.96108923
