   -0.81112035
    0.02958337
    0.02959053
    0.18949166
    0.18950916
    0.08979424
   -0.04278461
    0.08021143
   -0.01892546
    0.08008508
    0.00004709
   -0.01893524
    0.08024804
   -0.04847374
    0.09145350
    0.08986734
   -0.04272487
    0.08022564
   -0.01893057
    0.08014788
    0.00018909
   -0.01892364
    0.08032179
   -0.04820089
    0.09109417
   -0.08832579
    0.22558805
   -0.08840616
    0.22553127
    0.52853206
    0.52814829
   -0.39423496
   -0.39425400
   -0.43902437
   -0.43855038
   -0.43922358
   -0.43862107
