    0.11035508
    0.05684652
   -0.15962403
    0.32644431
   -0.50846183
   -0.14152428
    0.10775215
    0.06030422
   -0.15082406
    0.32598283
   -0.51767854
   -0.15576450
   -0.04644475
    0.06639091
    0.07417778
    0.08477840
    0.04189205
    0.06598739
   -0.11581980
    0.06325457
    0.04581598
    0.06702710
    0.00244543
   -0.03763306
    0.00387443
   -0.03070025
    0.02652808
   -0.03216732
    0.04265453
   -0.03064972
    0.04699322
   -0.03043301
    0.05862586
    0.06843172
    0.10648138
    0.10444816
    0.12246389
    0.03486961
   -0.16032947
    0.32793133
   -0.50726093
   -0.14584059
    0.12128998
    0.03503842
   -0.15080386
    0.33045252
   -0.50875945
   -0.15489243
   -0.04573589
    0.07734844
    0.08053940
    0.06695647
    0.04223470
    0.06860922
   -0.11637287
    0.04571402
    0.06435407
    0.06668726
    0.00499889
   -0.03487388
   -0.00204690
   -0.02812332
    0.02322022
   -0.03172425
    0.04234987
   -0.03033361
    0.04829745
   -0.03265316
    0.05872438
    0.07541814
    0.09896386
    0.10052014
    0.11037254
    0.05674274
   -0.15952759
    0.32648571
   -0.50860068
   -0.14155928
    0.10785108
    0.06011130
   -0.15083617
    0.32598149
   -0.51750400
   -0.15591053
   -0.04643655
    0.06633804
    0.07400517
    0.08501806
    0.04199835
    0.06596015
   -0.11583244
    0.04579333
    0.06333106
    0.06699701
    0.00261344
   -0.03760758
    0.00347260
   -0.03067749
    0.02659834
   -0.03216105
    0.04269023
   -0.03060387
    0.04707249
   -0.03048698
    0.05859678
    0.06841079
    0.10652229
    0.10449737
    0.12244393
    0.03497425
   -0.16022298
    0.32794197
   -0.50729722
   -0.14578599
    0.12130383
    0.03486003
   -0.15093137
    0.33039785
   -0.50871088
   -0.15485339
   -0.04568745
    0.07708612
    0.08064501
    0.06701353
    0.04215078
    0.06882733
   -0.11635728
    0.04567275
    0.06437654
    0.06663859
    0.00515037
   -0.03491954
   -0.00210878
   -0.02824001
    0.02307508
   -0.03178986
    0.04236637
   -0.03034153
    0.04835755
   -0.03276846
    0.05873947
    0.07541021
    0.09892790
    0.10054946
    0.11032335
    0.05680341
   -0.15954713
    0.32643881
   -0.50856588
   -0.14156592
    0.10783206
    0.06023483
   -0.15076003
    0.32597273
   -0.51754141
   -0.15586477
   -0.04645562
    0.06633460
    0.07427122
    0.08483557
    0.04199131
    0.06581048
   -0.11579642
    0.04577476
    0.06333226
    0.06699539
    0.00245898
   -0.03763148
    0.00355702
   -0.03075527
    0.02668436
   -0.03214711
    0.04267067
   -0.03063272
    0.04701674
   -0.03045626
    0.05862660
    0.06841828
    0.10646338
    0.10452120
    0.12224971
    0.03528864
   -0.16053533
    0.32788936
   -0.50687917
   -0.14585414
    0.12109273
    0.03503221
   -0.15076927
    0.33047065
   -0.50885391
   -0.15454937
   -0.04568386
    0.07696063
    0.08034789
    0.06729747
    0.04215397
    0.06843044
   -0.11638938
    0.04579478
    0.06440642
    0.06665172
    0.00477727
   -0.03488906
   -0.00185114
   -0.02812770
    0.02306851
   -0.03166446
    0.04236888
   -0.03030317
    0.04829198
   -0.03231287
    0.05892082
    0.07544169
    0.10050148
    0.09892011
    1.11043352
   -0.51599308
   -0.51845885
   -0.51829650
   -0.51863652
