   -0.49669622
   -0.49786906
   -0.49743935
   -0.49687028
   -0.49672727
   -0.49764215
   -0.16333309
    0.00066137
    0.04695396
    0.03020009
    0.00342005
    0.04721302
    0.06801754
   -0.16924623
    0.19962810
    0.26609962
   -0.01865168
   -0.03136375
    0.05252018
   -0.02099015
    0.05634359
   -0.03250776
    0.05186631
   -0.02074144
    0.05776878
   -0.01786700
    0.26545646
   -0.16939531
    0.20026309
    0.00575028
    0.05118689
    0.06823566
    0.00403716
    0.04694515
    0.02289981
   -0.17237147
    0.00464960
    0.04739840
    0.02132574
    0.00547052
    0.05011400
    0.06938124
   -0.16964686
    0.19969030
    0.26604568
   -0.01734950
   -0.02966710
    0.05077152
   -0.02066817
    0.05635613
   -0.03229268
    0.05181895
   -0.02131642
    0.05542712
   -0.01886825
    0.26653979
   -0.17065704
    0.20165122
    0.00442184
    0.04931463
    0.06566580
    0.00063398
    0.04643173
    0.03123535
    0.00091903
    0.04629247
    0.03058951
    0.00474355
    0.04693753
    0.06583435
   -0.17077857
    0.20137180
    0.26649435
   -0.01878597
   -0.02968906
    0.05096467
   -0.02127656
    0.05539632
   -0.03231383
    0.05181757
   -0.02061749
    0.05621740
   -0.01733436
    0.26593111
   -0.16998651
    0.20000573
    0.00589755
    0.05021387
    0.06841384
    0.00464245
    0.04691313
    0.02176000
   -0.87020632
