   -0.88973856
    0.02924008
    0.02923121
    0.19139903
    0.19142290
    0.08964134
   -0.04219370
    0.07963839
   -0.01864875
    0.08019909
    0.00030793
   -0.01871326
    0.08339105
   -0.04744175
    0.09394665
    0.08963976
   -0.04219678
    0.07963887
   -0.01865439
    0.08024532
    0.00031308
   -0.01872245
    0.08345268
   -0.04735550
    0.09385573
   -0.08247450
    0.24143315
   -0.08248456
    0.24141407
    0.52931539
    0.52929477
   -0.38818432
   -0.38818621
   -0.43917278
   -0.43680459
   -0.43916349
   -0.43688492
