   -0.25210470
   -0.24991572
   -0.25414357
   -0.25452651
   -0.25501560
   -0.25656165
   -0.25608960
   -0.25540970
   -0.33325271
   -0.33332429
   -0.33649592
   -0.34236972
   -0.34732482
   -0.34601308
   -0.33311962
   -0.33175556
    0.15383987
   -0.08044025
    0.05092651
    0.15272858
   -0.06952957
   -0.02325472
    0.36936551
   -0.05540610
    0.14418042
   -0.08212819
    0.15135197
   -0.06496739
    0.04336093
   -0.00405395
   -0.06621706
    0.06901758
    0.15098062
   -0.06111788
    0.09517632
    0.15223722
   -0.05879212
   -0.02514647
    0.37030974
   -0.04599560
    0.14751589
   -0.08238607
    0.14162432
   -0.05604693
    0.05709362
    0.00096589
   -0.05996012
    0.15259994
   -0.08212616
    0.05420131
    0.15359826
   -0.05836982
   -0.02561325
    0.36877085
   -0.07214605
    0.14290067
   -0.08193870
    0.14818853
   -0.06210667
    0.05493347
    0.00207801
   -0.05613855
    0.05743630
    0.15226389
   -0.05996245
    0.09500061
    0.15078649
   -0.04499976
   -0.02471069
    0.36976539
   -0.05621786
    0.15212005
   -0.08205617
    0.14507422
   -0.06633014
    0.06676990
   -0.00425025
   -0.06662758
    0.04546048
    0.26818672
    0.00038380
    0.12655589
   -0.06381640
    0.05134711
    0.12932138
   -0.00281877
   -0.04769339
    0.08478691
   -0.00762501
    0.24136406
    0.11751624
    0.12762091
   -0.06994872
    0.05983350
    0.12910332
   -0.00364521
   -0.04243851
    0.07922564
   -0.00447613
    0.24383558
    0.12897808
   -0.06214433
    0.04604970
    0.12676564
   -0.00714264
   -0.05026554
    0.09033195
   -0.00375250
    0.26838395
   -0.00059887
    0.12470008
   -0.07714641
    0.05936634
    0.12423953
   -0.00622187
   -0.04529001
    0.08474695
   -0.00519315
   -0.01440023
    0.06950915
   -0.01447921
    0.06732712
   -0.01185305
    0.05593709
   -0.01533102
    0.06885051
   -0.06198349
    0.06046406
    0.06580244
   -0.09786117
    0.08323726
    0.08284168
    0.37120913
   -0.48087821
   -0.41242941
   -0.06831260
    0.07053755
    0.06968497
   -0.09386699
    0.07669984
    0.08940002
    0.37322177
   -0.50049466
   -0.39646916
   -0.06001699
    0.06071718
    0.06519620
   -0.09826562
    0.08130724
    0.07380704
    0.37256662
   -0.48281202
   -0.41039829
   -0.06847828
    0.06469545
    0.07080983
   -0.10465902
    0.08579265
    0.11410830
    0.37100641
   -0.48798640
   -0.42107753
    0.41536055
    0.42107664
    0.41738960
    0.41846677
   -0.40596047
   -0.43025491
    0.56010898
   -0.40954777
   -0.43451468
    0.09289902
    0.09647005
    0.09834560
   -0.45264647
    0.08480397
    0.08202061
    0.08016249
    0.08818350
    0.08021038
    0.08113865
    0.09200141
    0.08362311
   -0.45943364
   -0.45269951
   -0.45685348
   -0.39942047
    0.40239216
   -0.40474807
    0.40862557
   -0.40259518
    0.41057692
   -0.40464751
    0.40854649
    0.12227708
    0.09591225
    0.05146426
