   -0.50825153
   -0.50098248
   -0.06913641
    0.18224510
   -0.17456718
    0.18499005
   -0.23975907
   -0.07820653
    0.17632366
   -0.07269328
    0.19249369
   -0.24911144
   -0.16533030
    0.20323253
   -0.10563760
    0.20243418
    0.03281046
   -0.02202584
   -0.03194453
   -0.01089903
    0.26971779
    0.06376323
    0.08028653
   -0.05429926
    0.02182316
   -0.04108270
    0.03274690
   -0.04319242
    0.03629700
   -0.05674335
    0.03253861
    0.08012406
   -0.00661852
    0.01711503
   -0.02132694
   -0.03036176
    0.04445990
   -0.02698735
    0.06020699
    0.04492949
   -0.03860446
   -0.02790428
    0.01279934
    0.06920884
   -0.00494162
    0.06597365
    0.06815011
   -0.04648139
    0.03997509
   -0.04375507
    0.02734808
   -0.04440855
    0.02675663
   -0.05595979
    0.01844048
    0.26213160
   -0.00734993
   -0.01867440
   -0.02748121
    0.02964144
   -0.10494732
    0.04320624
    0.04693044
    0.04816696
    0.01210545
   -0.03706996
    0.03530809
   -0.03252421
    0.03623356
   -0.03479450
    0.03593742
   -0.03195628
    0.03433548
   -0.03758053
    0.02703765
   -0.05300421
    0.02792452
    0.03855274
   -0.03987740
    0.01744084
    0.02538020
   -0.10191139
    0.03133446
    0.03461074
    0.03896891
   -0.09834832
    0.04113274
    0.03072490
    0.04248688
    0.00793982
   -0.04491672
    0.02928668
   -0.04447628
    0.03259116
    0.01503549
   -0.03980024
    0.02980056
   -0.03621770
    0.03827816
   -0.11121149
    0.04483099
    0.04642709
    0.04796343
   -0.10432584
    0.03635980
    0.04231417
    0.04844561
   -0.05597687
    0.04058458
    0.02781872
   -0.04947987
   -0.10490124
    0.03707513
    0.03265067
    0.03893230
    0.02964279
   -0.02277524
    0.01589114
   -0.03170703
    0.02308287
   -0.03702489
    0.02803442
   -0.03474443
    0.02977296
   -0.03578854
    0.02904723
   -0.10617911
    0.04377495
    0.04144321
    0.04931055
   -0.91626948
    0.03593956
    0.02347142
