   -0.98400140
   -0.31276109
    0.07691668
    0.07492857
   -0.27733610
    0.13354144
   -0.05081507
   -0.04558138
    0.13168634
   -0.28973776
    0.08056169
   -0.02288546
    0.08562556
   -0.14695641
   -0.20026033
    0.04935024
   -0.01448655
    0.00498257
   -0.03698982
   -0.03338645
   -0.03584501
    0.00786626
   -0.03835261
    0.04655379
   -0.20604904
   -0.14954503
    0.09078461
   -0.02023239
   -0.01623462
    0.08605059
   -0.28215279
    0.13387725
   -0.06121579
   -0.05575648
    0.13175129
   -0.27686583
    0.07132467
    0.06806691
   -0.30547307
    0.07735674
    0.07853620
   -0.31120101
    0.07851464
    0.07767624
   -0.06877913
   -0.05852595
   -0.07188158
   -0.07230934
    0.03643249
    0.04695011
    0.04352648
    0.05750433
    0.04717314
    0.04784856
    0.05280459
    0.04722204
    0.08112025
    0.09770910
    0.04092199
    0.05143175
    0.03928599
    0.04956137
    0.02476809
    0.06064655
    0.09622762
    0.06809335
    0.03905571
    0.05280404
    0.03423227
    0.05111429
    0.04086206
    0.03540141
    0.07960079
    0.03713135
    0.03352801
    0.04515767
    0.04310323
    0.03104429
    0.03492172
    0.04449438
    0.03401501
    0.04652753
    0.04568993
    0.05351035
    0.04292318
    0.04532020
