   -0.48952806
   -0.47752504
   -0.48455853
   -0.47752604
   -0.49519583
   -0.48332100
   -0.15730030
   -0.15099879
   -0.15467300
   -0.14083314
   -0.15224622
   -0.14742893
   -0.14911460
   -0.14010889
   -0.14136974
   -0.15139554
   -0.13309027
   -0.14327561
    0.32625374
    0.32447269
    0.12081101
    0.04450307
    0.12150013
    0.03731360
    0.32420491
    0.31854544
    0.11724921
    0.04623291
    0.11706496
    0.04340238
    0.32552612
    0.31934941
    0.11761531
    0.03967136
    0.11788700
    0.04385356
    0.00186205
    0.04759784
    0.07437576
    0.06180822
    0.06335443
    0.11717379
    0.09800574
    0.07087231
    0.09512695
    0.09954587
    0.08234056
    0.08923374
    0.08832302
   -0.01664361
    0.07749031
    0.06366282
    0.09240009
   -0.00170676
    0.06509415
    0.05709351
    0.06808347
   -0.00501104
    0.07963104
    0.08333144
    0.08441481
   -0.00471163
    0.07367049
    0.08461348
    0.06858552
   -0.00396405
    0.08190887
    0.08196582
    0.08191400
   -0.49506711
   -0.47179304
   -0.48967214
   -0.48011596
   -0.49788740
   -0.48397565
   -0.15005747
   -0.14691040
   -0.14996339
   -0.13782764
   -0.14956867
   -0.14732808
   -0.14721517
   -0.14368391
   -0.13846046
   -0.15424881
   -0.13326545
   -0.14588869
    0.32674239
    0.32093048
    0.12007637
    0.04192554
    0.11630463
    0.04470498
    0.32482919
    0.31734063
    0.11742846
    0.04570855
    0.11881832
    0.03803412
    0.32826560
    0.32429330
    0.11680260
    0.04286988
    0.12156008
    0.03411835
   -0.00795143
    0.06348025
    0.07162267
    0.07161836
    0.06566143
    0.11807992
    0.08990855
    0.07094689
    0.09450147
    0.09620103
    0.07437284
    0.09285652
    0.09819616
   -0.01121256
    0.07890175
    0.07780371
    0.09699209
   -0.00928738
    0.06811858
    0.07245089
    0.06921012
   -0.00904773
    0.07033526
    0.07330370
    0.07428753
   -0.00415701
    0.07354020
    0.08139980
    0.06366378
   -0.00438809
    0.08725513
    0.04649218
    0.06638820
    0.04828076
    0.05319443
   -0.32833286
    0.07507270
    0.04745726
    0.04419422
    0.08240872
    0.03403568
   -0.32460243
    0.03566596
    0.07908609
    0.04502021
    0.07827896
    0.03374696
    0.04127414
    0.04277274
   -0.32949187
    0.02805530
    0.04278967
    0.04470039
    0.07129162
    0.04192624
   -0.32083216
    0.02429016
    0.07732800
    0.04175976
    0.08156200
    0.04084263
    0.03777477
    0.04011703
   -0.32767597
    0.07163551
    0.03793230
    0.05457418
    0.07887485
    0.03753779
   -0.32682263
    0.03705000
    0.02493772
    0.04026131
    0.07690542
    0.03955762
   -0.31614629
    0.08164196
    0.02955321
    0.07098499
    0.03803251
    0.05109270
    0.07710695
    0.04550938
   -0.32728592
    0.04091319
    0.07813574
    0.04234976
    0.08020081
    0.03705736
    0.03935213
    0.03411950
   -0.32767936
    0.02986464
    0.04242478
    0.03708355
    0.07689542
    0.07676298
   -0.31286844
    0.02748164
    0.07924516
    0.03305128
    0.07260545
    0.03709297
    0.04406515
    0.05962900
   -0.33176276
    0.07843831
    0.04164860
    0.04182391
    0.07889512
    0.03571176
   -0.32766155
    0.04321613
    0.02635969
    0.03894175
    0.07614824
    0.03929481
    0.07858834
    0.03673190
   -0.32103202
    0.07324058
    0.02486404
    0.03870098
    0.06815540
    0.04623347
   -0.31811876
    0.07475894
    0.06833315
    0.04556305
    0.07551800
    0.07067495
    0.01329130
    0.04388466
   -0.32928789
    0.03491049
    0.02652152
    0.04098214
    0.07303964
    0.08210574
    0.03639754
   -0.31730991
    0.08347352
    0.03956603
    0.02277540
    0.07698284
    0.04693423
   -0.33545771
    0.04322226
    0.07828490
    0.04546318
    0.08603481
    0.03786808
    0.04012456
    0.02081177
   -0.32765123
    0.02410468
    0.04171644
    0.04595434
    0.07700698
   -0.32066465
    0.04177377
    0.02767245
    0.07955738
    0.04210088
    0.03433914
    0.08108650
    0.03946233
   -0.33017299
    0.04098169
    0.07314271
    0.03902210
    0.07468779
    0.05077867
    0.03586039
    0.04817092
   -0.32705228
    0.02629066
    0.03838863
    0.03914659
    0.07503963
    0.08488287
   -0.31554872
    0.03296089
    0.06895950
    0.04404632
    0.07468782
    0.04761319
    0.04640954
    0.04387269
   -0.32898690
    0.07481917
    0.04600492
    0.03994416
    0.07431447
    0.03934696
   -0.32600784
    0.04379974
    0.02486612
    0.03948881
    0.07724699
    0.03956882
    0.03677788
    0.08806668
   -0.31493872
    0.07360030
    0.04139926
    0.04705620
    0.07461660
    0.04106845
   -0.33545390
    0.03865023
    0.08336176
    0.02949442
    0.07934921
    0.04280841
    0.03255628
    0.04325344
   -0.32870321
    0.03165475
    0.03084270
    0.05086028
    0.06960922
   -0.32380518
    0.05285658
    0.05244032
    0.07288219
    0.04574592
    0.06556476
    0.06920695
    0.02486392
   -0.32920334
    0.05172952
    0.07727803
    0.03802639
    0.07783214
    0.04258943
    0.03809242
    0.03829900
   -0.32740901
    0.02477050
    0.03991509
    0.04047032
    0.07729113
   -0.31713898
    0.02864957
    0.07877059
    0.07083973
    0.05140226
    0.03942438
    0.07743960
    0.03952600
   -0.32734798
    0.04563145
    0.07798878
    0.03629376
    0.08291901
    0.04207663
    0.02908235
    0.03822200
   -0.32953274
    0.02533085
    0.05156992
    0.03928880
    0.07399765
   -0.31823381
    0.03041782
    0.04190180
    0.07686145
    0.03832655
    0.04174133
    0.07836948
    0.04068202
   -0.32637447
    0.04262203
    0.07607491
    0.03979419
    0.07735479
    0.04142013
    0.03850931
    0.04028481
   -0.32763149
    0.02443132
    0.04043384
    0.04103002
    0.07770046
   -0.98192217
