   -0.24915414
   -0.24721144
   -0.25386455
   -0.25417966
   -0.24582222
   -0.24867024
   -0.25418905
   -0.25415286
   -0.33952092
   -0.33999913
   -0.33676685
   -0.33651909
   -0.33921627
   -0.34168742
   -0.33900906
   -0.33757043
    0.15227501
   -0.07502463
    0.05197433
    0.15126634
   -0.06658450
   -0.02236376
    0.36987784
   -0.05286585
    0.14552191
   -0.08418982
    0.14995714
   -0.06714167
    0.03778990
   -0.00562706
   -0.06721310
    0.05779359
    0.15045476
   -0.06285405
    0.09434878
    0.14957003
   -0.05665634
   -0.02413870
    0.37131055
   -0.04389952
    0.15015275
   -0.08485677
    0.14604072
   -0.06688359
    0.05427084
   -0.00580314
   -0.06919216
    0.15082630
   -0.07437688
    0.05355722
    0.15155014
   -0.05222194
   -0.02222646
    0.37047092
   -0.06547369
    0.14720229
   -0.08469356
    0.15013366
   -0.06965476
    0.03890328
   -0.00527487
   -0.06714765
    0.05422177
    0.14993157
   -0.06275256
    0.09500111
    0.15044308
   -0.04365570
   -0.02409861
    0.37132569
   -0.05659433
    0.15012785
   -0.08417104
    0.14637240
   -0.06705716
    0.05618994
   -0.00591513
   -0.06777444
    0.03869822
    0.26260596
    0.02085199
    0.13219752
   -0.06120478
    0.03852143
    0.13097852
   -0.00307588
   -0.04480066
    0.07643450
   -0.00479795
    0.26078508
    0.02022821
    0.12804879
   -0.07160475
    0.05089211
    0.12901267
   -0.00333464
   -0.04428651
    0.07378527
   -0.00440230
    0.26266737
    0.13040011
   -0.06109306
    0.03722791
    0.13177427
   -0.00411675
   -0.04711766
    0.08091942
   -0.00332445
    0.26176235
    0.02066260
    0.12738535
   -0.07269361
    0.05108636
    0.12707760
   -0.00421004
   -0.04198354
    0.07703359
   -0.00321158
   -0.01257974
    0.06337935
   -0.01382005
    0.06810245
   -0.01157561
    0.05862782
   -0.01397682
    0.06340978
   -0.05830797
    0.05848640
    0.06128206
   -0.09549698
    0.08169885
    0.07639423
    0.37171618
   -0.48111013
   -0.40927201
   -0.06596818
    0.06681876
    0.06875004
   -0.09178800
    0.07172854
    0.08805573
    0.37420318
   -0.49863628
   -0.39513217
   -0.05846566
    0.05735909
    0.06582779
   -0.09688065
    0.08189320
    0.07121630
    0.37291369
   -0.48424634
   -0.40835328
   -0.06659751
    0.06584012
    0.06594136
   -0.10292596
    0.08241329
    0.11218607
    0.37126922
   -0.48481687
   -0.42102490
    0.41714567
    0.42232616
    0.41790645
    0.42069646
   -0.95024311
    0.10045124
    0.09863932
    0.09968328
   -0.45464453
    0.07958200
    0.08947138
    0.08604788
    0.09448882
    0.08918283
    0.08018512
    0.09458205
    0.08665607
   -0.45552782
   -0.45358210
   -0.45401394
   -0.39989050
    0.41443539
   -0.40187844
    0.41146576
   -0.40008880
    0.41440031
   -0.40241855
    0.40832799
    0.01901087
    0.10258349
    0.03775693
