   -0.16995998
    0.22108734
    0.27135536
   -0.01888329
   -0.04185623
    0.08911812
   -0.01935506
    0.27001270
   -0.16546184
    0.21936444
   -0.01161477
    0.08197894
    0.09822478
   -0.04691854
    0.11090626
    0.12433019
    0.06482554
   -0.04400404
    0.10502505
    0.10486789
   -0.08754913
    0.08439465
    0.09510172
    0.07100784
    0.05001089
    0.02832711
   -0.33552379
    0.06518977
    0.06666407
    0.04172338
    0.07070735
    0.02779938
    0.04432946
   -0.34452729
    0.06930979
    0.04516405
    0.02543569
    0.07265935
    0.03262695
    0.05958722
   -0.33545858
    0.07142577
    0.04111624
    0.05041145
   -0.08620677
    0.09356272
    0.08954289
   -0.04863205
    0.12154599
    0.10471941
    0.06393129
   -0.04524782
    0.11745068
    0.11666512
   -0.01022439
    0.09678291
    0.08047785
   -0.02071929
    0.04977959
   -0.03101299
    0.04866780
   -0.02060379
    0.05182544
   -0.05525448
    0.12930295
    0.13056217
   -0.00900092
    0.11984681
   -0.20184415
    0.12342992
   -0.00714900
   -0.05324752
    0.13330008
    0.11493037
   -0.04594508
    0.06565304
   -0.04125481
    0.04510943
   -0.03480006
    0.04064522
   -0.01672832
   -0.01606341
   -0.03480438
    0.04093680
   -0.04191241
    0.04952580
   -0.04971742
    0.07396935
   -0.52622862
   -0.53049923
    0.26438954
    0.26334696
   -0.95577942
