   -0.34180653
   -0.34107834
   -0.34010370
   -0.34429334
   -0.34684506
   -0.34489635
   -0.34001909
   -0.33883152
   -0.13499442
    0.23986094
   -0.25770190
    0.25141524
    0.24864074
   -0.27485794
    0.25284276
    0.26357568
   -0.14863139
    0.21672916
   -0.26200761
    0.24427645
    0.26856567
   -0.26678702
    0.23687722
    0.27310099
   -0.14331924
    0.22973562
   -0.24729581
    0.25937960
    0.27369138
   -0.27898002
    0.26205060
    0.24741915
   -0.13510471
    0.22963223
   -0.25646188
    0.24837882
    0.25384679
   -0.26392859
    0.25177128
    0.25588393
    0.12246836
   -0.07766578
    0.05162833
    0.12234754
    0.23057065
    0.00725740
    0.06879033
    0.12298867
   -0.07703698
    0.05297344
    0.12235851
    0.23260205
    0.06723113
    0.00919179
    0.12224711
   -0.07810655
    0.05199307
    0.12223522
    0.23124089
    0.06817544
    0.00793845
    0.12256090
   -0.07661704
    0.05348309
    0.12344659
    0.23077598
    0.00622937
    0.06832647
   -0.00583203
   -0.05370600
    0.10384569
   -0.00582679
   -0.01647005
    0.06258166
   -0.00383153
   -0.05227929
    0.10492784
   -0.00542393
   -0.01364554
    0.05376647
   -0.00732824
   -0.05354609
    0.10030509
   -0.00720238
   -0.01474013
    0.05842564
   -0.00458267
   -0.05161296
    0.10742104
   -0.00275157
   -0.01597803
    0.06277039
   -0.08009662
    0.07487918
    0.06556237
   -0.07793761
    0.05064138
    0.05148193
   -0.02957017
    0.08833598
    0.09504574
    0.24384787
   -0.07416673
    0.05051650
   -0.07564010
    0.06383561
    0.04762181
   -0.01883636
    0.08451943
    0.06808102
    0.24100907
   -0.07337549
    0.07579491
    0.04923657
   -0.07581877
    0.06435475
    0.04655961
   -0.02227292
    0.09455011
    0.07553928
    0.23920753
   -0.07814901
    0.05979122
    0.07452550
   -0.07865938
    0.05238257
    0.04986436
   -0.02744576
    0.09067547
    0.09082591
    0.24069082
    0.07252358
   -0.93858192
