   -0.48274551
   -0.47755418
   -0.47752817
   -0.47578313
   -0.47520287
   -0.47557213
   -0.15031500
   -0.14702022
   -0.13708105
   -0.14730703
   -0.15228630
   -0.14590334
   -0.13419710
   -0.14491429
   -0.15562369
   -0.14373054
   -0.13650183
   -0.14217621
    0.32715637
    0.32699108
    0.10390877
    0.07929674
    0.11015151
    0.06727824
    0.32808866
    0.32858030
    0.10379072
    0.07427287
    0.10825092
    0.06323822
    0.32666554
    0.32895890
    0.10550916
    0.06316210
    0.10594342
    0.06705776
   -0.00210312
    0.12249483
    0.11669127
   -0.02017992
    0.13982863
   -0.18611133
    0.14157028
   -0.16780190
    0.14754672
   -0.15300145
    0.14459486
   -0.15205281
    0.15500899
   -0.15604229
    0.00846265
    0.12705965
    0.06802264
   -0.01060623
    0.15225337
   -0.19002614
    0.14344110
   -0.15676032
    0.14428871
   -0.15169673
    0.14233583
   -0.15496058
    0.15251247
   -0.16629017
    0.00698722
    0.10611534
    0.11616620
   -0.02069566
    0.15017039
   -0.17105453
    0.13862356
   -0.15787363
    0.14243177
   -0.15354402
    0.14183481
   -0.15669032
    0.14896888
   -0.16751165
    0.00617563
    0.06760169
    0.12893502
   -0.01279738
    0.15282046
   -0.16202532
    0.14178228
   -0.15579838
    0.14367341
   -0.15388089
    0.14323810
   -0.15738696
    0.15539597
   -0.17879409
    0.00056002
    0.11912926
    0.11565540
   -0.01290299
    0.15547753
   -0.15619609
    0.14542127
   -0.15140914
    0.14615765
   -0.15405207
    0.13992362
   -0.17697214
    0.14491471
   -0.18788739
    0.00296855
    0.12484045
    0.08409579
   -0.00752513
    0.15497824
   -0.16890996
    0.14132980
   -0.16098336
    0.14249304
   -0.15697427
    0.14044584
   -0.15890281
    0.15166792
   -0.16723769
    0.05717763
    0.11227655
    0.11563117
    0.06594063
    0.09508479
    0.10528775
    0.05673603
    0.11337044
    0.11695938
   -0.48278317
   -0.47754635
   -0.47752406
   -0.47580098
   -0.47519056
   -0.47563840
   -0.15027026
   -0.14702808
   -0.13710143
   -0.14715408
   -0.15235566
   -0.14592485
   -0.13425255
   -0.14502144
   -0.15558861
   -0.14378530
   -0.13653473
   -0.14208635
    0.32716147
    0.32698925
    0.10393650
    0.07926652
    0.11010200
    0.06735119
    0.32807946
    0.32854614
    0.10380656
    0.07428986
    0.10821339
    0.06323064
    0.32665103
    0.32893330
    0.10548047
    0.06318101
    0.10592078
    0.06708273
   -0.00208856
    0.12250402
    0.11668636
   -0.02013632
    0.13985883
   -0.18613804
    0.14158297
   -0.16774595
    0.14748228
   -0.15305659
    0.14459611
   -0.15206819
    0.15503367
   -0.15605045
    0.00843973
    0.12703349
    0.06817448
   -0.01061706
    0.15217869
   -0.18994851
    0.14342636
   -0.15674973
    0.14427093
   -0.15170848
    0.14233558
   -0.15498290
    0.15251429
   -0.16636152
    0.00695925
    0.10624356
    0.11615741
   -0.02065861
    0.15016842
   -0.17114063
    0.13861417
   -0.15789687
    0.14242682
   -0.15354445
    0.14183375
   -0.15668820
    0.14897165
   -0.16752111
    0.00614376
    0.06763266
    0.12888952
   -0.01284697
    0.15277686
   -0.16205520
    0.14177663
   -0.15577640
    0.14368737
   -0.15386121
    0.14323582
   -0.15738450
    0.15554115
   -0.17863848
    0.00057556
    0.11908252
    0.11565107
   -0.01287382
    0.15553966
   -0.15617727
    0.14540003
   -0.15143360
    0.14613479
   -0.15406009
    0.13990344
   -0.17693958
    0.14488383
   -0.18785796
    0.00291932
    0.12490410
    0.08416095
   -0.00753189
    0.15497752
   -0.16888761
    0.14133465
   -0.16098315
    0.14249185
   -0.15698403
    0.14044144
   -0.15892055
    0.15165912
   -0.16727309
    0.05717405
    0.11228579
    0.11561172
    0.06597916
    0.09504373
    0.10525881
    0.05668627
    0.11348502
    0.11697907
   -0.97356393
