   -0.48200199
   -0.48281118
    0.12940161
   -0.11766872
   -0.11828716
   -0.04589097
    0.10199954
    0.10507149
   -0.00318618
    0.08172916
    0.08929402
   -0.18075871
    0.21461524
    0.26886253
   -0.01782384
   -0.03429128
   -0.02024641
    0.05485993
   -0.02987205
    0.04788840
   -0.02019967
    0.05450764
   -0.01779743
    0.26891724
   -0.18101413
    0.21532057
   -0.00274480
    0.08859153
    0.08154378
   -0.04549488
    0.10203744
    0.10449257
   -0.48162830
   -0.48182174
    0.12944179
   -0.11809386
   -0.11771763
   -0.04676348
    0.10309458
    0.10579978
   -0.00231743
    0.08095397
    0.08853023
   -0.17948417
    0.21474167
    0.26881532
   -0.01801205
   -0.03569663
   -0.02016472
    0.05575098
   -0.02974573
    0.04889227
   -0.02016559
    0.05574623
   -0.01801855
    0.26871946
   -0.17916486
    0.21483764
   -0.00225326
    0.08830634
    0.08097970
   -0.04654206
    0.10292202
    0.10574038
   -0.91365767
    0.11570824
    0.11526630
    0.10840405
    0.11506898
    0.10927605
    0.11605482
    0.11527254
    0.11609285
    0.10933727
    0.11574162
    0.10839211
    0.11523449
    0.06447554
    0.06460727
