   -0.15314543
   -0.15471223
   -0.14986328
   -0.14917387
    0.32959901
    0.11884488
    0.04822578
    0.11983487
    0.04758533
    0.32791240
    0.07117988
    0.09679474
    0.09759708
    0.00257748
    0.06602267
    0.07573013
    0.00436109
   -0.04084330
    0.04277146
   -0.03188291
    0.04254303
   -0.03324789
    0.04394503
   -0.03085513
    0.04182597
   -0.03405603
    0.03649368
    0.00264630
    0.07623442
    0.06728306
    0.00488743
   -0.03377822
    0.03357562
   -0.03120308
    0.04101737
   -0.03407366
    0.04279071
   -0.03234278
    0.04300573
   -0.04049128
    0.04539907
   -0.51380486
   -0.51613914
   -0.15246356
   -0.15211841
   -0.15001780
   -0.14801770
    0.32976228
    0.12014325
    0.04863960
    0.11865168
    0.05084227
    0.32808345
    0.07442334
    0.09654806
    0.09467337
    0.00248564
    0.07703017
    0.06616129
    0.00432821
   -0.03392650
    0.03485033
   -0.03111598
    0.04162705
   -0.03368090
    0.04347720
   -0.03191065
    0.04242913
   -0.04053903
    0.04295967
    0.00132131
    0.06880284
    0.07790669
    0.00466189
   -0.03406723
    0.03479753
   -0.03117912
    0.04144553
   -0.03372209
    0.04320266
   -0.03205751
    0.04155305
   -0.04088916
    0.04483456
   -0.51783074
   -0.51440246
   -0.15288298
   -0.15237758
   -0.15192829
   -0.14844929
    0.33010556
    0.12147123
    0.04815570
    0.12075070
    0.05046898
    0.32800285
    0.07239425
    0.09669774
    0.09714476
    0.00367837
    0.06400471
    0.07566193
    0.00415803
   -0.04083895
    0.04312847
   -0.03176247
    0.04271930
   -0.03326512
    0.04414642
   -0.03087975
    0.04199028
   -0.03407599
    0.03611823
    0.00358127
    0.07889822
    0.06705111
    0.00450472
   -0.03360190
    0.02684639
   -0.03110343
    0.04182292
   -0.03408394
    0.04442305
   -0.03141048
    0.04392774
   -0.03879683
    0.04104166
   -0.51597028
   -0.51537914
   -0.15291381
   -0.15237358
   -0.14866915
   -0.14854105
    0.32982661
    0.11939525
    0.04976137
    0.12007186
    0.04914004
    0.32809834
    0.07175112
    0.09764498
    0.09655727
    0.00303448
    0.07806346
    0.06523530
    0.00426917
   -0.03389864
    0.03431444
   -0.03112919
    0.04150555
   -0.03361061
    0.04345744
   -0.03180101
    0.04181399
   -0.04090418
    0.04511788
    0.00245347
    0.06647990
    0.07895970
    0.00445769
   -0.03351642
    0.03203385
   -0.03094842
    0.04169966
   -0.03364740
    0.04392360
   -0.03179059
    0.04285941
   -0.03996297
    0.04239074
   -0.51792991
   -0.51445337
   -0.15806308
   -0.15419070
    0.32974690
    0.12186873
    0.04795472
    0.12098303
    0.04668089
    0.32819204
    0.07839006
    0.09282439
    0.09031341
    0.00364312
    0.07617299
    0.07249297
    0.00789268
   -0.03495513
    0.01974769
   -0.03159258
    0.03928590
   -0.03496262
    0.04264472
   -0.03047587
    0.04422870
   -0.03823908
    0.03971157
    0.00263818
    0.06618807
    0.07694121
    0.00436546
   -0.03392515
    0.03442688
   -0.03075056
    0.04147241
   -0.03334441
    0.04423831
   -0.03183150
    0.04326642
   -0.04060061
    0.04190237
   -0.14856620
   -0.15169933
   -0.51434125
   -0.51454601
   -0.53250549
   -0.38407063
    0.34674815
   -0.46050310
   -0.13999308
   -0.14938997
    0.32736318
    0.05344889
    0.04181665
    0.05912122
    0.03555654
   -0.01620947
    0.06954986
    0.06692389
    0.01906330
    0.06085813
    0.07528529
    0.09184298
    0.09326907
   -0.06241019
    0.04692412
    0.04726704
   -0.06515519
    0.05838483
    0.04526774
   -0.05770518
    0.04949598
    0.04843253
   -0.09518919
    0.09024178
    0.09189498
    0.36703868
   -0.19849291
   -0.98338896
