   -0.86711524
   -0.10991123
    0.22179944
   -0.10952794
    0.22163997
   -0.10932183
    0.22147084
   -0.10928921
    0.22142655
   -0.10938754
    0.22135780
   -0.10938558
    0.22174263
    0.01027682
    0.10905178
   -0.24399795
    0.10796205
   -0.24600028
    0.00758863
    0.03405061
   -0.11896407
    0.05206803
    0.05275904
    0.05567160
   -0.11271688
    0.04806763
    0.05500307
    0.05477851
    0.01020353
    0.10909566
   -0.24388613
    0.10804948
   -0.24595046
    0.00756224
    0.03403913
   -0.11933011
    0.05209819
    0.05576504
    0.05325851
   -0.11289160
    0.04819671
    0.05501859
    0.05492527
    0.01025636
    0.10914716
   -0.24383712
    0.10795691
   -0.24608091
    0.00761975
    0.03414250
   -0.11892813
    0.05190132
    0.05279106
    0.05576338
   -0.11285870
    0.04804163
    0.05494916
    0.05489801
    0.01036868
    0.10905760
   -0.24394628
    0.10793747
   -0.24607889
    0.00764119
    0.03407874
   -0.11917343
    0.05223710
    0.05567548
    0.05302174
   -0.11285387
    0.04798857
    0.05494841
    0.05505524
    0.01032001
    0.10906812
   -0.24388879
    0.10798768
   -0.24597610
    0.00765281
    0.03408396
   -0.11896312
    0.05296246
    0.05562535
    0.05185296
   -0.11276815
    0.05475649
    0.04802361
    0.05503875
    0.01020361
    0.10902522
   -0.24404086
    0.10789482
   -0.24619227
    0.00770221
    0.03403952
   -0.11949201
    0.05290445
    0.05205808
    0.05617272
   -0.11283050
    0.05466452
    0.05517826
    0.04796475
