   -0.16603030
   -0.41814529
    0.41651452
   -0.15052892
    0.07902062
    0.09648946
    0.09411528
   -0.18346668
   -0.15199923
    0.32644054
   -0.16558330
   -0.15585608
   -0.02074849
    0.07648731
    0.05400330
   -0.16593894
   -0.53247203
   -0.15725531
    0.06408349
   -0.00135644
   -0.17121647
   -0.49331692
   -0.14895580
    0.05201027
    0.02350906
   -0.17162629
   -0.53169918
   -0.15198610
    0.01942907
    0.04426025
   -0.53169351
   -0.15510213
   -0.06327537
    0.04994849
    0.06033264
   -0.41453766
    0.41963441
   -0.15684587
   -0.06545181
    0.04112996
    0.06386576
   -0.49740042
   -0.14859975
   -0.06557948
    0.05260522
    0.06233924
   -0.54043550
   -0.15187733
   -0.10612423
    0.10530586
    0.09552743
   -0.41414371
    0.41992499
   -0.15671784
    0.37136088
   -0.54169391
   -0.16292700
    0.06467356
    0.10559326
    0.10666033
   -0.49122096
    0.32946921
   -0.41872531
    0.41653720
   -0.01946038
    0.07781470
    0.04709902
   -0.54193178
    0.07093625
   -0.01591652
   -0.49113949
    0.06328256
   -0.00315681
    0.02118714
    0.03739286
   -0.06581635
    0.06362247
    0.05558159
   -0.07463245
    0.06860512
    0.07241050
   -0.05605279
    0.03445713
    0.03912582
   -0.10553814
    0.10364331
    0.10005927
    0.37183293
    0.07658174
    0.09966415
    0.09350576
    0.32523693
   -0.02557571
    0.08186073
    0.06865385
    0.06428164
   -0.00132039
    0.05603753
    0.01808190
    0.01770117
    0.06308681
   -0.06325308
    0.04922648
    0.04951724
   -0.07189283
    0.05455154
    0.06853701
   -0.06560492
    0.03908438
    0.06542698
   -0.10533248
    0.09621848
    0.10050881
    0.37186012
    0.07331896
    0.10081079
    0.09793039
    0.33119312
   -0.01875331
    0.07668789
    0.04646708
    0.07238409
   -0.01812633
    0.06148373
    0.00246761
    0.02027759
    0.04022620
   -0.06453291
    0.05299691
    0.06191587
   -0.07487339
    0.06982928
    0.07273680
   -0.05719659
    0.03759758
    0.04012213
   -0.50091553
   -0.10566947
    0.10427574
    0.09893882
    0.37184823
    0.08010690
    0.09412448
    0.09503732
    0.32704548
   -0.01991074
    0.07508566
    0.05380744
    0.06514389
   -0.00259231
    0.05240443
    0.02308643
    0.01985698
    0.04366570
   -0.06359711
    0.05098320
    0.06027992
   -0.06571258
    0.04218967
    0.06313137
   -0.06541888
    0.05178504
    0.06202779
   -0.10627009
    0.09695637
    0.10527173
    0.37138549
    0.06489849
    0.10727906
    0.10500335
    0.32952919
   -0.02059375
    0.07997768
    0.04984505
    0.06985927
   -0.01278084
    0.06418933
   -0.00386577
    0.02203173
    0.03408983
   -0.06425626
    0.05325331
    0.06233208
   -0.06430229
    0.06187026
    0.03709698
   -0.06508065
    0.06355271
    0.05018659
   -0.10643881
    0.10675377
    0.09822976
    0.37128045
   -0.41904647
    0.41660860
   -0.49826011
   -0.40981176
    0.41418575
   -0.53018676
   -0.52414842
    1.13461248
   -0.52620049
   -0.52579612
