   -0.34419427
   -0.34508546
   -0.34417677
   -0.34661388
   -0.34920682
   -0.34816058
   -0.34371453
   -0.34112886
   -0.14257488
    0.24635276
   -0.26165046
    0.24940455
    0.24519480
   -0.27443960
    0.25332357
    0.26167837
   -0.14596526
    0.24667262
   -0.26773694
    0.23610442
    0.25878199
   -0.26962860
    0.25846204
    0.25970364
   -0.14073466
    0.22388098
   -0.25277360
    0.26553999
    0.26104851
   -0.28265775
    0.25644977
    0.23870356
   -0.12913847
    0.22817919
   -0.25717632
    0.25451595
    0.25219537
   -0.26924776
    0.25336406
    0.25213890
    0.12212321
   -0.07810005
    0.04781215
    0.12224182
    0.23224163
    0.00617945
    0.06365070
    0.12236993
   -0.07743715
    0.04788259
    0.12206394
    0.23334423
    0.06226459
    0.00804752
    0.12134913
   -0.07856043
    0.04686180
    0.12164724
    0.23261201
    0.06326031
    0.00657498
    0.12234012
   -0.07713943
    0.04902563
    0.12261273
    0.23115050
    0.00608211
    0.06422045
   -0.00417323
   -0.05594081
    0.11919919
   -0.00371382
   -0.01673268
    0.06313819
   -0.00147258
   -0.05511441
    0.12518571
   -0.00229515
   -0.01574943
    0.05686166
   -0.00464524
   -0.05706980
    0.12263271
   -0.00501161
   -0.01498765
    0.05961176
   -0.00120761
   -0.05433939
    0.12602003
   -0.00110713
   -0.01734763
    0.06575892
   -0.08473653
    0.08439044
    0.06907883
   -0.07971560
    0.05253497
    0.05378852
   -0.03088919
    0.08820625
    0.09413481
    0.24167556
   -0.07823261
    0.05811108
   -0.07854914
    0.06944212
    0.04476675
   -0.01907404
    0.07653316
    0.06722241
    0.23889149
   -0.07848406
    0.08392320
    0.05248084
   -0.07715972
    0.06984758
    0.04244687
   -0.02961307
    0.11194794
    0.06458239
    0.23790145
   -0.08102815
    0.06671984
    0.07971726
   -0.08051044
    0.05403538
    0.05227010
   -0.03758008
    0.09429624
    0.11075675
    0.24038083
    0.08258088
    1.05795992
   -0.51448687
   -0.52018612
   -0.48202347
   -0.50826603
