    0.04664521
   -0.07661008
   -0.06668848
    0.02308691
   -0.07546101
    0.02309387
   -0.06675051
   -0.07661436
    0.04653452
   -0.07567358
   -0.11536723
    0.07020035
   -0.25070342
    0.06776229
    0.07011149
   -0.25071795
    0.06542969
   -0.04428479
   -0.04022893
   -0.04072924
   -0.05299801
    0.06777955
   -0.05305348
   -0.04071077
   -0.04024714
   -0.04436453
    0.06527430
   -0.13296873
   -0.13293081
    0.26955489
    0.26950177
   -0.47959367
    0.07990931
   -0.22152684
    0.07988506
   -0.02878815
   -0.00994238
   -0.02873714
   -0.47946783
   -0.10743436
    0.02184946
    0.03433790
    0.02653731
    0.20689548
    0.02643265
    0.03426980
    0.20692876
    0.04802790
    0.04932885
    0.04805261
   -0.00137728
   -0.00125671
    0.04414602
    0.03749453
    0.03728410
    0.03057862
    0.03052084
    0.03722020
    0.03747252
    0.04445158
    0.21668739
    0.21674356
    0.04526513
    0.04947583
    0.04542742
    0.03498435
    0.03494119
    0.05520347
   -0.91009929
