   -0.89459485
   -0.24675794
   -0.24673646
   -0.25016931
   -0.25011340
   -0.24668717
   -0.24668815
   -0.25008205
   -0.25006954
   -0.11017939
   -0.10141650
   -0.11004036
   -0.10176239
    0.22333911
    0.22885208
    0.22303789
    0.22887214
    0.01180799
    0.10544791
    0.10547255
    0.01181288
    0.03423818
    0.00812243
    0.10542355
    0.10546188
    0.00803064
    0.03424170
    0.01183772
    0.10548593
    0.10547955
    0.01184897
    0.03425927
    0.00807240
    0.10544845
    0.10544873
    0.00814577
    0.03424357
   -0.11974383
    0.05632890
    0.05126276
    0.05294933
   -0.11307489
    0.05556321
    0.04870331
    0.05326589
   -0.11951338
    0.05605547
    0.05301270
    0.05121754
   -0.11302331
    0.05545400
    0.05343527
    0.04863232
   -0.11304392
    0.05542418
    0.04865272
    0.05340160
   -0.11950185
    0.05619143
    0.05110453
    0.05291797
   -0.11305904
    0.05561312
    0.05323187
    0.04863152
   -0.11964412
    0.05622738
    0.05299464
    0.05119886
