   -0.97302213
   -0.04380865
   -0.05521488
   -0.04380658
    0.00055617
   -0.03863411
    0.01285434
   -0.04318072
    0.00051230
    0.05291446
   -0.04636346
    0.02360933
   -0.05054391
    0.05288496
    0.00055211
   -0.04318144
    0.01284341
   -0.03863075
    0.00052245
   -0.14206266
   -0.19412707
    0.05268734
   -0.01618645
    0.08791290
   -0.19426489
   -0.14316844
    0.08813575
   -0.01601117
    0.05279336
    0.02238524
    0.05102608
    0.02241479
    0.04842614
    0.05540976
    0.07410618
    0.08070875
    0.05551131
    0.04832010
    0.04260387
    0.04276101
    0.05297669
    0.05308761
   -0.01593072
    0.04295235
   -0.01608458
    0.04280842
    0.08836259
    0.08805681
   -0.14215746
   -0.19498978
   -0.14327978
   -0.19519511
    0.05291903
   -0.05047772
   -0.04628722
   -0.05511827
    0.05290878
    0.02364103
    0.07401606
    0.05115409
    0.08063778
    0.02730218
    0.02727671
   -0.11473608
    0.04196802
    0.04145969
    0.04876748
   -0.11093431
    0.04237406
    0.05039052
    0.03621882
   -0.11119542
    0.04285956
    0.03650539
    0.05036260
   -0.11112162
    0.05036720
    0.04271906
    0.03645211
   -0.11475093
    0.04874155
    0.04194762
    0.04149778
   -0.11104327
    0.05030526
    0.03629744
    0.04254999
    0.02505963
    0.02505377
   -0.10925117
   -0.10639633
   -0.10651749
    0.03199475
    0.04334605
    0.03851365
    0.03705644
    0.04208262
    0.03740003
    0.03174185
    0.03819965
    0.04336430
   -0.10927876
   -0.10648281
   -0.10640861
    0.03173169
    0.04335677
    0.03818187
    0.03204566
    0.03842227
    0.04335014
    0.03745410
    0.04209357
    0.03705955
