    1.07362874
    1.08139582
    1.07462410
   -0.57787800
   -0.59513365
   -0.35161129
   -0.38266768
   -0.58270958
   -0.60223246
   -0.36731142
   -0.36311989
   -0.35930704
   -0.59190693
   -0.58150400
   -0.37098955
   -0.09377521
   -0.09271448
   -0.09305948
   -0.06596562
   -0.00164634
    0.28997784
    0.28853604
   -0.00165937
   -0.07160998
   -0.13740531
    0.11117089
    0.11713221
   -0.14287530
    0.05909603
    0.07836312
    0.09879198
   -0.00234474
    0.28658063
    0.28778236
   -0.00375680
    0.03566182
    0.10378332
   -0.06846216
    0.05955183
    0.05613934
   -0.06790115
    0.05551853
    0.06181612
    0.03689362
    0.09947215
    0.03625749
    0.10060449
    0.28954686
    0.00055536
   -0.00491533
   -0.06848149
   -0.13668872
    0.11571763
    0.10898013
   -0.14218505
    0.08281347
    0.05635238
    0.09679290
    0.28692229
   -0.06847006
    0.06227540
    0.05525973
   -0.06772889
    0.05597069
    0.06186190
   -0.06745255
    0.05493358
    0.06180782
   -0.06918824
    0.05392059
    0.06410693
   -0.13795027
    0.11424032
    0.11734826
   -0.13514938
    0.09440689
    0.04967208
    0.08337877
    1.07583680
    1.08074198
    1.07465006
   -0.57848483
   -0.59557995
   -0.35245849
   -0.37532296
   -0.57934529
   -0.59809249
   -0.36268276
   -0.36321829
   -0.35492508
   -0.58903232
   -0.58324607
   -0.37036966
   -0.09736697
   -0.09451938
   -0.09551769
   -0.06628553
   -0.00547926
    0.28795273
    0.28843732
   -0.00281550
   -0.06748204
   -0.14024832
    0.11200228
    0.11732955
   -0.13676647
    0.04464305
    0.08176004
    0.09642414
   -0.00085219
    0.28770236
    0.28606008
   -0.00848712
    0.03593810
    0.10357992
   -0.06862942
    0.05971171
    0.05572620
   -0.06784800
    0.05536932
    0.06176760
    0.03683994
    0.09923177
    0.03633352
    0.10094376
    0.28633815
   -0.00451450
   -0.00343980
   -0.06317450
   -0.13795784
    0.11644327
    0.11375499
   -0.13843635
    0.07930792
    0.04735106
    0.09706985
    0.28704185
   -0.06872214
    0.06283735
    0.05560962
   -0.06774232
    0.05572782
    0.06175978
   -0.06743686
    0.05496795
    0.06156715
   -0.06879216
    0.05359330
    0.06316474
   -0.13768949
    0.11420145
    0.11685474
   -0.14346251
    0.09651422
    0.06045140
    0.08112632
    1.11321125
   -0.52794346
   -0.50644494
   -0.53132708
   -0.52762147
