   -0.28724042
   -0.32636035
   -0.31799323
   -0.32450406
   -0.31193614
    0.07535650
    0.03830732
    0.03664679
    0.06849084
    0.07038049
   -0.09202061
   -0.09232713
    0.17134303
   -0.09242093
    0.17151369
   -0.09204148
    0.17084706
    0.02661414
   -0.08808179
    0.00631290
   -0.08787810
    0.00664761
    0.02425301
    0.02191779
    0.02428246
   -0.08790658
    0.00657863
   -0.08817497
    0.00632323
    0.02659704
    0.01740050
    0.02643502
   -0.08813268
    0.00629863
   -0.08791912
    0.00661161
    0.02414070
    0.02192547
    0.02412464
   -0.08793851
    0.00671047
   -0.08818911
    0.00646322
    0.02660560
    0.01727543
   -0.09393135
    0.03386307
    0.02456344
    0.02500529
   -0.10723904
    0.03717098
    0.03703946
    0.04240693
   -0.10510275
    0.03758457
    0.03824429
    0.04849647
   -0.10715437
    0.04229220
    0.03716622
    0.03706193
   -0.09329762
    0.02427270
    0.02466178
    0.03374666
   -0.10519106
    0.03804006
    0.03795934
    0.04821302
    0.01719700
   -0.03394197
    0.03051272
   -0.06628543
    0.02303593
    0.13541168
   -0.05652684
    0.03368454
   -0.03299253
    0.03282078
    0.08100660
    0.04138717
    0.03538807
    0.08041274
    0.04569913
    0.02851398
    0.07211356
    0.03733930
    0.03612867
    0.06736313
    0.04869682
    0.07389260
    0.08179929
    0.03369755
    0.08020072
    0.03677742
    0.04030319
    0.08028577
    0.03678151
    0.04747576
    0.08227020
    0.04064439
    0.04555793
    0.13700562
   -0.05494661
    0.03272893
   -0.03231065
    0.03216077
    0.01640091
   -0.03470089
    0.03081314
   -0.06722660
    0.02333064
   -0.91391598
   -0.29750262
    0.04661317
    0.17074621
    0.04294178
