    0.12019005
    0.04170232
   -0.15680554
    0.32828765
   -0.50658320
   -0.14534068
    0.11931897
    0.04296016
   -0.15642208
    0.32816140
   -0.51211804
   -0.15682001
   -0.04539735
    0.07960715
    0.08326329
    0.06379471
    0.04389038
    0.05834596
   -0.11137147
    0.04126525
    0.06053425
    0.06832761
    0.00093525
   -0.03571991
    0.04414782
   -0.03165399
    0.04006442
   -0.03376093
    0.04184194
   -0.03258328
    0.04052793
   -0.04272739
    0.04296177
    0.07261320
    0.10393778
    0.10386712
    0.12039207
    0.04143429
   -0.15695001
    0.32829508
   -0.50658343
   -0.14548023
    0.11941847
    0.04301929
   -0.15646253
    0.32816358
   -0.51197833
   -0.15693896
   -0.04533256
    0.07959561
    0.08287452
    0.06401244
    0.04399322
    0.05809132
   -0.11135326
    0.04122313
    0.06052713
    0.06838768
    0.00093938
   -0.03571988
    0.04401010
   -0.03165638
    0.04002546
   -0.03377822
    0.04183036
   -0.03257765
    0.04055294
   -0.04274349
    0.04311550
    0.07202686
    0.09971978
    0.09971742
    0.12039214
    0.04143535
   -0.15695115
    0.32829528
   -0.50658404
   -0.14548129
    0.11942140
    0.04301516
   -0.15646713
    0.32816315
   -0.51197874
   -0.15694097
   -0.04533343
    0.07959912
    0.08286878
    0.06401515
    0.04399196
    0.05809470
   -0.11135250
    0.04122186
    0.06052673
    0.06838713
    0.00093949
   -0.03571938
    0.04400712
   -0.03165640
    0.04002557
   -0.03377835
    0.04183044
   -0.03257762
    0.04055336
   -0.04274295
    0.04311489
    0.07261487
    0.10386486
    0.10393784
    0.12018966
    0.04170995
   -0.15681125
    0.32828855
   -0.50658186
   -0.14533634
    0.11932178
    0.04295348
   -0.15643541
    0.32816278
   -0.51211951
   -0.15680726
   -0.04539760
    0.07960619
    0.08326861
    0.06379275
    0.04388935
    0.05834857
   -0.11137049
    0.04126306
    0.06053384
    0.06832730
    0.00093691
   -0.03571847
    0.04414336
   -0.03165318
    0.04006298
   -0.03376041
    0.04184562
   -0.03258344
    0.04052782
   -0.04272775
    0.04295771
    0.07194155
    0.09969716
    0.09968574
    0.12024480
    0.04154123
   -0.15687907
    0.32825913
   -0.50653156
   -0.14537251
    0.11921668
    0.04327701
   -0.15628944
    0.32816853
   -0.51227315
   -0.15683022
   -0.04546095
    0.07988128
    0.08284996
    0.06390457
    0.04384217
    0.05840138
   -0.11137452
    0.04130470
    0.06049440
    0.06831103
    0.00096217
   -0.03573429
    0.04424005
   -0.03165532
    0.04005212
   -0.03376279
    0.04183487
   -0.03259599
    0.04049902
   -0.04276040
    0.04297219
    0.07259655
    0.10386087
    0.10385728
    0.12024704
    0.04153360
   -0.15688092
    0.32825932
   -0.50653337
   -0.14537386
    0.11921662
    0.04327991
   -0.15629157
    0.32816720
   -0.51227249
   -0.15683814
   -0.04546290
    0.07988874
    0.08284404
    0.06390425
    0.04384111
    0.05840474
   -0.11137508
    0.04130506
    0.06049474
    0.06831105
    0.00096230
   -0.03573468
    0.04423965
   -0.03165521
    0.04005116
   -0.03376266
    0.04183520
   -0.03259621
    0.04049975
   -0.04276030
    0.04297217
    0.07194000
    0.09968597
    0.09969839
   -0.99105377
