   -0.16313326
    0.19541841
    0.26787655
   -0.01615381
   -0.03619195
    0.04150068
   -0.01703453
    0.26835962
   -0.16764914
    0.19640070
   -0.00174120
    0.07591543
    0.05261448
   -0.00273863
    0.02903602
    0.05594773
   -0.17730252
    0.00098828
    0.03775076
    0.03935154
   -0.07211239
    0.04746361
    0.04859181
    0.08262009
    0.03665751
    0.01345574
   -0.32305061
    0.06811564
    0.06862586
    0.04172980
    0.07204253
    0.02996653
    0.03922119
   -0.32330331
    0.08136719
    0.04343700
    0.03039912
    0.08529110
    0.03444043
    0.02253795
   -0.32097115
    0.09306859
    0.01148534
    0.02333717
   -0.06263417
    0.05490721
    0.05070589
    0.01340938
    0.04774476
    0.00120956
   -0.17632781
    0.00470591
    0.05091711
    0.01547505
    0.00322686
    0.05287169
    0.06859328
   -0.01916714
    0.05746579
   -0.03072144
    0.05678519
   -0.02046685
    0.06120300
    0.00471259
    0.02319074
    0.05273910
   -0.01224908
    0.12188832
   -0.21870102
    0.12237595
   -0.01193452
    0.00804210
    0.05396067
    0.01094587
   -0.04327587
    0.03897796
   -0.04409893
    0.04585734
   -0.04022716
    0.04799928
   -0.02033299
   -0.02023699
   -0.03973433
    0.04656014
   -0.04420008
    0.04857809
   -0.04436158
    0.04648447
   -0.49248409
   -0.48650121
   -0.99750995
