   -0.82385617
    0.02791064
    0.02789760
    0.18609291
    0.18607809
    0.08870609
   -0.04572115
    0.07557564
   -0.02061058
    0.08191626
   -0.00083056
   -0.01969700
    0.08213180
   -0.04876438
    0.08814365
    0.08869144
   -0.04573042
    0.07556777
   -0.02058682
    0.08190186
   -0.00082795
   -0.01969912
    0.08216257
   -0.04877578
    0.08821787
   -0.10494705
    0.27557855
   -0.10485776
    0.27544578
    0.52672604
    0.52675069
   -0.39888953
   -0.39887887
   -0.44120065
   -0.44024358
   -0.44118522
   -0.44019266
