   -0.50175780
   -0.51963740
   -0.51151446
   -0.51381739
   -0.50948272
   -0.50773374
   -0.52999719
   -0.50594624
   -0.51232157
   -0.51587831
   -0.50448576
   -0.51069009
   -0.15091609
   -0.15185306
   -0.15410802
   -0.14226231
   -0.15097758
   -0.15742431
   -0.15330237
   -0.15282852
   -0.15426460
   -0.15489469
   -0.15715842
   -0.15959385
   -0.15581711
   -0.15794515
   -0.15242682
   -0.14164370
   -0.15775915
   -0.14953204
   -0.15340438
   -0.16003969
   -0.15646236
   -0.14987408
   -0.14362241
   -0.14592943
    0.32372674
    0.10111432
    0.05776722
    0.32133394
    0.10792396
    0.05623610
    0.06237071
    0.10728662
    0.11423811
    0.32523170
    0.11114886
    0.05994589
    0.32143995
    0.11304428
    0.05571744
    0.07410262
    0.09586526
    0.09838807
    0.32899634
    0.11869666
    0.04595084
    0.32591269
    0.12082551
    0.03922533
    0.06832060
    0.09319780
    0.12094917
    0.32795559
    0.11835156
    0.04956011
    0.32374471
    0.11838572
    0.04950538
    0.07523976
    0.09940971
    0.09359244
    0.32594545
    0.11463843
    0.06250037
    0.32495864
    0.11514015
    0.05041604
    0.06803633
    0.10479337
    0.10311499
    0.32384895
    0.10804679
    0.06031746
    0.32466218
    0.10637604
    0.06291182
    0.05916914
    0.11542469
    0.11625773
   -0.00713772
    0.09883133
    0.08158833
   -0.05528066
    0.02366720
    0.07045373
   -0.09339353
    0.08554406
    0.04740558
    0.36641782
   -0.42416992
   -0.01073994
    0.07458960
    0.09501694
   -0.08098337
    0.09378162
    0.06895351
   -0.11495963
    0.10892122
    0.10414569
    0.36784703
   -0.43237731
    0.00536289
   -0.06132039
   -0.11142660
    0.37302710
   -0.00826655
    0.09398249
    0.07167379
   -0.07585025
    0.08834012
    0.06565647
   -0.11060643
    0.09389083
    0.10313525
    0.36469733
   -0.41408896
    0.00855735
    0.05405736
    0.06136491
   -0.06886000
    0.08369552
    0.06051042
   -0.11608765
    0.11362534
    0.08864438
    0.37139296
   -0.39703575
   -0.00180682
   -0.06140661
   -0.11526888
    0.37248896
   -0.41798252
   -0.12021527
   -0.00496980
    0.37193081
    0.00835026
    0.06071447
    0.05374259
   -0.06100483
   -0.10972262
    0.37134804
    0.00014622
    0.07717056
    0.06414710
   -0.06405179
    0.05143685
    0.05848116
   -0.11603305
    0.09987464
    0.10107717
    0.37221941
   -0.41790617
   -0.00002380
    0.36074081
   -0.41584894
   -0.00736547
   -0.06460712
   -0.11313784
   -0.38799372
   -0.41275306
   -0.00432607
   -0.06965716
    0.36952503
   -0.42191115
   -0.06212274
   -0.42052184
   -0.11571124
   -0.40728636
   -0.07191646
   -0.08810493
    0.37091279
    0.06148694
    0.06259335
    0.04822966
    0.07409448
    0.09012209
    0.09045666
    0.06352661
    0.07695901
    0.05035045
    0.09341660
    0.08560463
    0.06542321
    0.06742006
    0.04270511
    0.06837062
    0.09315425
    0.05042638
    0.06219587
    0.08595943
    0.08750850
    0.04895751
    0.06197833
    0.09931085
    0.09625663
    0.11501550
    0.10269328
    0.07871292
    0.06781648
    0.05068452
    0.07440300
    0.11234832
    0.08481138
    0.07620396
    0.06861444
    0.10113360
    0.07580192
    0.06945582
    0.10338644
    0.09252773
   -0.46352071
    0.42278171
   -0.47319156
    0.39320658
   -0.45790029
    0.41328042
   -0.46934771
    0.42441903
   -0.46757910
    0.42494079
   -0.46034828
    0.42108458
   -0.45180568
    0.33329976
   -0.49070874
    0.42044014
   -0.46277206
    0.42035678
   -0.48579607
    0.41935786
   -0.46086893
    0.38904422
   -0.48910598
    0.41306662
   -0.84325152
