   -0.16320215
    0.00358339
    0.04861476
    0.02558396
    0.00997304
    0.04496859
    0.06656543
   -0.15859327
    0.19597844
    0.21243071
   -0.60822995
   -0.16711877
    0.19775819
    0.01643716
    0.05978021
    0.04811966
   -0.06115547
    0.04826163
    0.05189404
   -0.05727288
    0.04544067
    0.06005263
    0.00975673
    0.03854683
    0.03830052
    0.00006146
    0.04859561
    0.06881923
   -0.17519664
    0.18614367
    0.21053438
   -0.55314791
   -0.16786270
    0.18982507
   -0.00219823
    0.08264716
    0.06278514
   -0.06612588
    0.05901062
    0.04219256
   -0.06150947
    0.06218673
    0.04806283
   -0.00125704
    0.05546194
    0.02561213
    0.01553683
    0.04751790
    0.06159999
   -0.16090110
    0.19567888
    0.21373636
   -0.58476922
   -0.18427377
    0.19855706
    0.02271679
    0.03131074
    0.06102352
   -0.05952120
    0.04649997
    0.04587747
   -0.06821912
    0.05772638
    0.06322414
    0.04128467
    0.08216578
    0.21013494
   -0.29628303
    0.00961208
    0.12625156
   -0.20779318
   -0.13703957
    0.08716426
    0.08772973
    0.08780521
    0.26994221
   -0.16156275
    0.20953634
   -0.48435517
    0.03821693
    0.08560922
    0.21000999
   -0.29830587
    0.01044347
    0.12623292
   -0.20379763
   -0.13805367
    0.08784189
    0.08881795
    0.08678684
    0.26902829
   -0.15689018
    0.21025984
   -0.48601673
    0.03963217
    0.08411310
    0.21083369
   -0.29341850
    0.01421988
    0.12390568
   -0.20760802
   -0.13441175
    0.08482763
    0.08266767
    0.08616709
    0.26948449
   -0.14631530
    0.20808939
   -0.49189985
   -0.90950008
