   -0.26633429
   -0.26631745
   -0.28118188
   -0.28131079
   -0.26740124
   -0.26749304
   -0.27948850
   -0.27857409
   -0.33993355
   -0.34257605
   -0.34186437
   -0.34515070
   -0.33895174
   -0.33056269
   -0.33295068
   -0.33525623
    0.14423604
   -0.07619705
    0.02835427
    0.14463621
   -0.07148347
    0.02516766
   -0.06619482
   -0.07134253
    0.14423133
   -0.08853483
    0.14715851
   -0.07672771
    0.05029798
   -0.01144254
   -0.07149319
    0.06349862
    0.14279733
   -0.06860522
    0.05235914
    0.14248171
   -0.06642065
    0.02303986
   -0.06648530
   -0.06625333
    0.14821414
   -0.08872011
    0.14405407
   -0.07354019
    0.05765423
   -0.01016016
   -0.07745073
    0.14454913
   -0.07636072
    0.03422737
    0.14376166
   -0.07051797
    0.02442847
   -0.06434678
   -0.07085920
    0.14470680
   -0.08921108
    0.14782397
   -0.07595556
    0.04778060
   -0.01155728
   -0.07351492
    0.05913774
    0.14282707
   -0.06885081
    0.05697964
    0.14310883
   -0.06554866
    0.02236949
   -0.06237624
   -0.06541494
    0.14689197
   -0.08837901
    0.14467761
   -0.07091880
    0.06625159
   -0.01258477
   -0.07510163
    0.04264867
    0.27852461
   -0.03004460
    0.12028399
   -0.06894905
    0.02605326
    0.12098348
   -0.00723570
   -0.06261152
    0.14034920
   -0.00589740
    0.27063804
   -0.01060183
    0.11950706
   -0.07769370
    0.02870130
    0.11975279
   -0.00718870
   -0.06135755
    0.13036898
   -0.00876277
    0.26567750
    0.12036092
   -0.06916514
    0.03286300
    0.12115726
   -0.00473973
   -0.06083736
    0.13918701
   -0.00454149
    0.27477296
   -0.02910102
    0.12044917
   -0.07256843
    0.02565412
    0.12006501
   -0.00226641
   -0.05642338
    0.13990180
   -0.00160059
   -0.02031278
    0.06811314
   -0.01904489
    0.06064268
   -0.02286723
    0.07031655
   -0.02309090
    0.07697135
   -0.09296516
    0.07731184
    0.10080007
   -0.08128723
    0.05422892
    0.08189214
   -0.06527151
    0.18728861
   -0.09411190
    0.10155267
    0.08332691
   -0.08208616
    0.07651493
    0.06043275
   -0.06838524
    0.18823871
   -0.09120796
    0.10342660
    0.06832381
   -0.08138286
    0.05994616
    0.07140338
   -0.06370485
    0.18655539
   -0.09034270
    0.06731688
    0.09825762
   -0.09585107
    0.09785057
    0.09837444
   -0.05441025
    0.18255218
    0.07816033
    0.07851352
    0.07560362
    0.09436265
    0.09431898
    0.09469254
    0.09765452
    0.09826453
    0.09721868
    0.09928708
    0.09725809
    0.18783363
    0.18753435
    0.18892748
    0.18798525
   -0.00833108
    0.07537322
    0.05575933
   -0.12825545
   -0.12081614
    0.10013908
    0.11050761
    0.11212025
    0.11790437
    0.11648225
    0.11163037
   -0.12119297
    0.11371191
    0.11076004
    0.10012524
    0.12794927
    0.12677803
   -0.12604187
   -0.12155667
    0.11300928
    0.10653799
    0.10459057
    0.11363959
    0.10747127
    0.11455363
    0.12689572
    0.12802938
   -0.12120672
    0.11177050
    0.10443268
    0.10644251
   -0.13147851
   -0.12162701
    0.09773288
    0.11477014
    0.10791656
    0.12189328
    0.10907526
    0.12179464
    0.13400763
    0.13412500
   -0.12160357
    0.11517136
    0.09775804
    0.10802796
   -0.12143203
   -0.12528586
    0.11220604
    0.10550146
    0.10822232
    0.11213193
    0.11312147
    0.10911542
    0.12344235
    0.12501064
   -0.12081275
    0.10505094
    0.11057398
    0.10808775
    0.10394129
    0.12995027
   -0.12062999
   -0.13481280
    0.09508432
    0.10952147
    0.09738594
    0.12972923
    0.10552503
    0.12036796
   -0.12914234
    0.09870029
    0.10006326
    0.12552742
   -0.12428582
   -0.13173862
   -0.13036913
   -0.13936015
    0.10503949
    0.12819057
    0.09744880
    0.13060504
    0.10363852
    0.11735226
    0.10518310
    0.13636335
   -0.11710608
    0.09351399
    0.09815682
    0.10448038
    0.09622820
    0.12422574
    0.10369261
    0.11039017
    0.11046525
    0.13063430
   -0.12070399
    0.09419853
    0.10420237
    0.10763133
    0.08711606
    0.09045933
   -0.13060786
   -0.13176095
    0.11347307
    0.09710821
    0.12468818
    0.10937315
    0.12383385
    0.09446152
   -0.12127445
    0.10903361
    0.09167316
    0.10486368
    0.12968324
    0.11267421
   -0.53703326
    1.09269050
   -0.54163709
   -0.52916934
   -0.46969789
