   -0.49472794
   -0.49696983
   -0.08783566
    0.18673534
   -0.16417857
    0.19269447
   -0.26868885
   -0.07438764
    0.18770417
   -0.07878834
    0.19035396
   -0.25184400
   -0.17122940
    0.19422035
   -0.09045484
    0.18173955
    0.03764764
   -0.03174795
   -0.01593810
   -0.01290136
    0.26426050
    0.06567086
    0.06050126
   -0.05450603
    0.02147075
   -0.04550686
    0.02796953
   -0.04154975
    0.02902533
   -0.05351218
    0.05058563
    0.07247973
   -0.00435207
    0.01443418
   -0.02693322
   -0.03656078
    0.04107363
   -0.02889781
    0.07029591
    0.04258702
   -0.03585826
   -0.02792893
    0.01410433
    0.07060735
   -0.00466699
    0.06699708
    0.06907914
   -0.04354277
    0.03611433
   -0.04260651
    0.02936976
   -0.04323062
    0.02839841
   -0.05525861
    0.01959365
    0.26452611
   -0.01323333
   -0.01924955
   -0.03141999
    0.03860968
    0.02522636
   -0.10311076
    0.04222269
    0.03702056
    0.04263385
    0.02960079
   -0.03593043
    0.03232501
   -0.03469107
    0.03118465
   -0.03656072
    0.02833218
   -0.03114212
    0.02095629
   -0.02262220
    0.01097280
   -0.05525000
    0.04144950
    0.02754427
   -0.04722143
    0.03380040
    0.01940894
   -0.10434716
    0.03536134
    0.04003478
    0.03319953
   -0.10548510
    0.04739757
    0.04110054
    0.04236532
    0.01147774
   -0.03514759
    0.02506389
   -0.03867757
    0.02600984
    0.01564644
   -0.04180329
    0.03134698
   -0.04068115
    0.02727926
   -0.11327992
    0.05050015
    0.05030801
    0.04200307
   -0.10642781
    0.04064050
    0.04399097
    0.04863453
   -0.05757849
    0.04501696
    0.02809838
   -0.04742561
    0.02173474
    0.03229947
   -0.10499874
    0.03649688
    0.04006387
    0.03280138
    0.02770021
   -0.03715674
    0.02734528
   -0.03518094
    0.02875226
   -0.03663162
    0.02818866
   -0.03131346
    0.02540968
   -0.02355088
    0.02411878
   -0.10686723
    0.04464819
    0.04438402
    0.04318781
   -0.11524242
    0.05187588
    0.04206073
    0.05341773
   -0.10865493
    0.05116069
    0.04404823
    0.03242603
   -0.94363814
