   -0.50523333
   -0.49208373
   -0.49991018
   -0.49280996
   -0.50947217
   -0.50014249
   -0.15940503
   -0.15124526
   -0.15952326
   -0.14306361
   -0.15194493
   -0.14742229
   -0.14896332
   -0.14026953
   -0.14545783
   -0.15301118
   -0.13664785
   -0.14421360
    0.32626616
    0.32655072
    0.11618546
    0.05377121
    0.11554611
    0.04775710
    0.32404648
    0.32088764
    0.11231777
    0.05439397
    0.11154343
    0.05325667
    0.32557875
    0.32208922
    0.11320351
    0.05015886
    0.11330082
    0.05297898
   -0.00190999
    0.05879238
    0.07384400
    0.06840053
    0.06047181
    0.11935173
    0.10540700
    0.06679016
    0.10371715
    0.10649734
    0.07716743
    0.09829585
    0.09529763
   -0.01693405
    0.08683724
    0.06558891
    0.09570887
   -0.00507761
    0.07156713
    0.06501423
    0.06905732
   -0.00593022
    0.07753613
    0.08841104
    0.08851635
   -0.00668713
    0.07306873
    0.09003037
    0.07596183
   -0.00496460
    0.08543619
    0.08933919
    0.07951344
   -0.50847666
   -0.48612695
   -0.50463374
   -0.49457402
   -0.51396346
   -0.49729410
   -0.15158806
   -0.14754785
   -0.15158312
   -0.13929136
   -0.14960931
   -0.14785387
   -0.14703512
   -0.14319991
   -0.14397223
   -0.15633047
   -0.13860237
   -0.15319369
    0.32630959
    0.32388316
    0.11523448
    0.04897192
    0.11105704
    0.05330480
    0.32459486
    0.31986393
    0.11170649
    0.05417301
    0.11196652
    0.05051776
    0.32792563
    0.32788020
    0.11318380
    0.05263386
    0.11704467
    0.04550308
   -0.00962424
    0.07132792
    0.07197927
    0.07666291
    0.06186801
    0.12060936
    0.09930935
    0.06565694
    0.10451259
    0.10437682
    0.06936883
    0.10242542
    0.10589239
   -0.01104343
    0.08877442
    0.07599084
    0.09480713
   -0.01085127
    0.07249724
    0.07910764
    0.07017071
   -0.01201319
    0.06991040
    0.07831412
    0.08203427
   -0.00637466
    0.07028178
    0.08852487
    0.07139910
   -0.00640754
    0.08954467
    0.05995584
    0.06328958
    0.05440980
    0.05863912
   -0.34921401
    0.07704482
    0.04998948
    0.04723699
    0.07941734
    0.04311120
   -0.34621313
    0.04220520
    0.07922273
    0.04711340
    0.08030239
    0.04054869
    0.04482597
    0.04554355
   -0.35096822
    0.03210099
    0.04567789
    0.04618583
    0.07336418
    0.04791799
   -0.34145953
    0.03205437
    0.07848593
    0.04650877
    0.08050825
    0.04465999
    0.04382283
    0.04677493
   -0.34976668
    0.07325347
    0.04195758
    0.05862362
    0.08085369
    0.04090381
   -0.34824157
    0.04199424
    0.03405643
    0.04294986
    0.07155609
    0.04279001
   -0.33626998
    0.08266206
    0.03785432
    0.06977727
    0.04386567
    0.05584556
    0.07792519
    0.04942736
   -0.34951280
    0.04673673
    0.07824983
    0.04582906
    0.08082374
    0.04422810
    0.04327546
    0.03994797
   -0.34991974
    0.03411467
    0.04426957
    0.04179743
    0.07635627
    0.07896228
   -0.33278797
    0.03631642
    0.07524659
    0.04131170
    0.07339995
    0.04267777
    0.04948245
    0.06230363
   -0.35518543
    0.07893415
    0.04628494
    0.04732695
    0.07780472
    0.04169313
   -0.34915129
    0.04796313
    0.03399303
    0.04249239
    0.07152380
    0.04371632
    0.08185086
    0.04189886
   -0.33984213
    0.06939887
    0.03155713
    0.04469219
    0.07030126
    0.05180257
   -0.33908801
    0.07804792
    0.06873837
    0.05338694
    0.07318555
    0.07157073
    0.02201404
    0.04547977
   -0.35134001
    0.03331539
    0.03582193
    0.04676212
    0.07329594
    0.08258687
    0.04481260
   -0.33833349
    0.08317902
    0.04366030
    0.02552104
    0.07669020
    0.05186602
   -0.35769982
    0.05046428
    0.07810036
    0.04982860
    0.08462557
    0.04572446
    0.04391430
    0.02841488
   -0.34847448
    0.02940662
    0.04451932
    0.05140228
    0.07284439
   -0.34080001
    0.04824839
    0.03436287
    0.07831200
    0.04650996
    0.04263773
    0.07924462
    0.04565436
   -0.35206664
    0.04763228
    0.07398456
    0.04336436
    0.07642405
    0.05517175
    0.04057424
    0.05019081
   -0.34833565
    0.03320321
    0.04182768
    0.04432604
    0.07037030
    0.08532096
   -0.33533673
    0.04053690
    0.06790999
    0.04812486
    0.07556843
    0.05384787
    0.05033191
    0.04975348
   -0.35003662
    0.07651102
    0.04826623
    0.04580479
    0.07286714
    0.04170117
   -0.34784246
    0.05367805
    0.03290075
    0.04217541
    0.07181999
    0.04376959
    0.04237495
    0.09524118
   -0.33669041
    0.07174175
    0.04603213
    0.05325296
    0.07332308
    0.04911241
   -0.36000536
    0.04478761
    0.08185218
    0.03751646
    0.07625048
    0.04827360
    0.03986854
    0.04686592
   -0.35138052
    0.03112244
    0.03950140
    0.05451019
    0.07083244
   -0.34580759
    0.05882848
    0.06176416
    0.07256244
    0.05097021
    0.06956421
    0.06836074
    0.03429798
   -0.35109912
    0.05379226
    0.07845475
    0.04273565
    0.07992982
    0.04751219
    0.04218758
    0.04262206
   -0.34873751
    0.03414499
    0.04294906
    0.04327360
    0.07184551
   -0.33694979
    0.03654390
    0.07976249
    0.07044417
    0.05577226
    0.04399825
    0.07808826
    0.04650298
   -0.34984247
    0.04969536
    0.07856647
    0.04337703
    0.08265851
    0.04615398
    0.03568581
    0.04231828
   -0.35133311
    0.02940844
    0.05371287
    0.04254411
    0.07381708
   -0.34034533
    0.03833206
    0.05018423
    0.07926405
    0.04111089
    0.04555025
    0.07980812
    0.04570541
   -0.34838020
    0.04743296
    0.07872798
    0.04449328
    0.08033874
    0.04520478
    0.04232251
    0.04295720
   -0.34849277
    0.03429172
    0.04309996
    0.04318440
    0.07199720
   -0.98528751
