    0.23704332
    0.08935684
    0.10001684
    0.10166144
    0.09243201
    0.06663793
   -0.49187425
   -0.49058390
   -0.36046502
   -0.34570742
   -0.48086136
    0.22938714
    0.08069805
    0.10087777
    0.10451717
    0.09063286
    0.07184262
   -0.46001373
   -0.49643909
   -0.36862482
   -0.34344228
   -0.46624269
    0.23138291
    0.08281175
    0.10196534
    0.09441116
    0.10066855
    0.06537611
   -0.45270594
   -0.48558341
   -0.35967137
   -0.34256836
   -0.50621969
    0.22569548
    0.09708060
    0.10949782
    0.09358643
    0.09346740
    0.07249210
   -0.49201351
   -0.46637330
   -0.36541156
   -0.33834038
   -0.46854038
    0.23227623
    0.08751125
    0.10518168
    0.09562684
    0.09181475
    0.07062625
   -0.49404079
   -0.48585988
   -0.36907052
   -0.34630065
   -0.46693631
    0.23094106
    0.08185775
    0.10025898
    0.09400531
    0.08934979
    0.06420651
   -0.45293225
   -0.48346961
   -0.36105564
   -0.34430717
   -0.48543053
    0.07407227
    0.05114011
    0.03189011
    0.06506437
    0.01730435
    0.06314750
    0.04758566
    0.38895601
    0.37738649
    0.37057665
    0.07303140
    0.07642128
    0.02287307
    0.06283762
    0.02171926
    0.02614751
    0.08080481
    0.34355467
    0.38145476
    0.07104415
    0.07758570
    0.03984347
    0.06697669
    0.01783182
    0.05424476
    0.05974248
    0.33860921
    0.37284068
    0.39281731
    0.07191964
    0.05661606
    0.02625012
    0.05420553
    0.01691692
    0.39476510
    0.34848669
    0.06772998
    0.05572397
    0.04669203
    0.06174805
    0.01875123
    0.08213056
    0.02774244
    0.39531041
    0.37387422
    0.34091019
    0.07248555
    0.08003957
    0.04270083
    0.06257822
    0.02566467
    0.05540098
    0.06783247
    0.33720136
    0.36954740
    0.37307583
   -0.35813706
   -0.37189251
    1.18138552
   -0.35741446
   -0.37310340
   -0.35815516
   -0.35790362
    0.03903736
    0.05677765
    0.36095799
    0.33853331
