   -0.83110370
   -0.09424987
    0.21232237
   -0.11139687
    0.21466625
   -0.09421538
    0.21203819
   -0.11131052
    0.21461232
   -0.09423898
    0.21221651
   -0.11137366
    0.21469193
    0.01486287
    0.11262412
   -0.25102223
    0.11007837
   -0.25175387
    0.01147180
    0.03302579
   -0.12533443
    0.05424139
    0.05619213
    0.06044849
   -0.11483529
    0.04970088
    0.04637399
    0.06123091
    0.01529881
    0.10723849
   -0.24677597
    0.10615094
   -0.24776638
    0.00667756
    0.03623932
   -0.10768800
    0.04282840
    0.04902407
    0.05317747
   -0.11276307
    0.05431000
    0.05004584
    0.04893563
    0.01496341
    0.11280347
   -0.25116914
    0.11022902
   -0.25180744
    0.01178203
    0.03299907
   -0.12523617
    0.05416055
    0.05607832
    0.06043364
   -0.11483969
    0.04961073
    0.04627374
    0.06128163
    0.01539837
    0.10713077
   -0.24695565
    0.10612859
   -0.24785688
    0.00669877
    0.03622069
   -0.10762755
    0.04291260
    0.04876456
    0.05341319
   -0.11283164
    0.05453154
    0.04995956
    0.04895969
    0.01484656
    0.11279206
   -0.25103754
    0.11021100
   -0.25173606
    0.01163247
    0.03299969
   -0.12528515
    0.05606151
    0.06036482
    0.05439869
   -0.11488767
    0.06137133
    0.04968096
    0.04630980
    0.01537030
    0.10714604
   -0.24683633
    0.10616938
   -0.24781355
    0.00670993
    0.03625157
   -0.10777765
    0.05303425
    0.04300412
    0.04913741
   -0.11276854
    0.05022118
    0.04885696
    0.05426606
