   -0.94543986
   -0.25253922
   -0.43759641
   -0.41082460
   -0.41985487
   -0.26660991
   -0.42941790
    0.09523760
   -0.13305355
   -0.18755432
   -0.25459719
   -0.18867324
   -0.13312506
    0.09204170
    0.09881849
   -0.13665551
   -0.20464235
   -0.16670781
   -0.16064268
   -0.19977283
   -0.14454251
    0.09744053
    0.09105849
   -0.13856055
   -0.19054946
   -0.24873844
   -0.19238452
   -0.14037240
    0.09731317
    0.05136746
    0.03665806
   -0.02229037
   -0.02191556
   -0.03228250
    0.03719612
   -0.04008128
   -0.01466380
    0.05541789
   -0.01968523
   -0.02875028
   -0.03022791
   -0.02666214
   -0.01678894
    0.35432750
    0.06531672
    0.07908873
   -0.04122046
   -0.02040873
    0.04107908
   -0.02568488
   -0.02726715
   -0.02948932
   -0.03038674
   -0.02930834
   -0.01209137
    0.04589246
    0.09185251
   -0.04317727
   -0.01384889
   -0.04494336
    0.09126772
    0.04772208
   -0.00502696
    0.05847440
   -0.04977470
    0.05593488
   -0.04051048
   -0.02135420
   -0.03694055
    0.07414436
   -0.02039618
    0.05264271
   -0.02454181
   -0.03804168
   -0.02501565
    0.07829755
   -0.06666942
    0.07996478
    0.27674781
    0.05299094
    0.27639437
    0.05423967
   -0.30488682
    0.05420943
   -0.02031731
    0.05413830
   -0.05130873
    0.05701871
   -0.03709735
   -0.02535635
   -0.04061524
    0.07929445
   -0.00326408
    0.04919658
    0.09096108
   -0.04426669
   -0.01350278
   -0.04273257
    0.09000983
    0.04391770
   -0.01249934
    0.05331377
    0.03559332
   -0.02563309
   -0.02075747
   -0.02425726
    0.04012034
   -0.04283002
   -0.02451781
    0.03972922
   -0.02319451
   -0.02738049
   -0.02881031
   -0.03022346
   -0.02932584
    0.35327884
    0.07799073
    0.07911947
   -0.03308254
   -0.02408877
    0.04570051
   -0.02225248
   -0.02785265
   -0.03164342
   -0.03190024
   -0.02636761
    0.05053980
    0.07341699
    0.02531999
    0.02785437
    0.03395318
    0.02474135
    0.02994972
    0.07302813
    0.09275642
   -0.32113714
    0.03756068
    0.04311474
    0.04367299
    0.03773316
    0.03952239
    0.04040144
    0.03956599
    0.05948354
    0.05654974
    0.04857882
    0.05204211
    0.05993766
    0.06042537
    0.08495284
    0.08205551
    0.06257232
    0.05359865
    0.09290062
    0.07742074
    0.06570327
    0.06505349
    0.07975095
    0.08294288
    0.06622762
    0.04629344
    0.04659384
    0.05189780
    0.07588310
    0.07154645
    0.05432813
    0.03776259
    0.04049471
    0.04272119
    0.04265191
    0.04054761
    0.06019056
    0.07593480
   -0.31963405
    0.04210482
    0.04073726
    0.03107040
    0.02992236
    0.04247279
    0.03813530
    0.02442765
    0.22091007
    0.21660365
    0.07397481
    0.05538285
    0.04045945
    0.07960176
    0.03953496
   -0.32376473
    0.04275176
    0.07815913
    0.03875213
    0.07924697
    0.03967432
    0.03722755
    0.03784215
   -0.32395523
    0.02960124
    0.03816876
    0.03862411
    0.07329503
   -0.30624713
    0.04362952
    0.07708592
    0.05236276
    0.04278548
    0.07933649
    0.04262570
    0.04169930
    0.04007216
   -0.32380570
    0.07775217
    0.03919225
    0.03940038
    0.07853514
    0.03871171
   -0.32460651
    0.03857505
    0.02911020
    0.03901503
    0.07265409
    0.03913518
    0.04627664
    0.04734412
    0.04155879
    0.07910634
    0.04214318
    0.04137964
    0.04181423
   -0.32424560
    0.07758608
    0.03981875
    0.03964920
    0.07849082
    0.03875262
   -0.32442116
    0.03845848
    0.02926246
    0.03874010
    0.07283811
    0.03888834
    0.07687083
    0.03958929
    0.04668836
    0.07727204
    0.03992669
   -0.32465398
    0.04621510
    0.07727146
    0.03894379
    0.07824937
    0.04127825
    0.03774710
    0.03921698
   -0.32454734
    0.02930684
    0.03830938
    0.03879468
    0.07244355
