   -0.15706737
    0.20193130
    0.26654458
   -0.01240551
   -0.02230606
    0.03992153
   -0.01786515
    0.26655179
   -0.16556287
    0.19191619
    0.00534658
    0.07282863
    0.04626040
    0.00023282
    0.02740832
    0.05641742
   -0.17631567
    0.00710809
    0.03078200
    0.03624012
   -0.07183687
    0.04433399
    0.05052562
    0.08655919
    0.03321957
    0.01173630
   -0.32252957
    0.06831583
    0.07031807
    0.04041331
    0.07208724
    0.03262710
    0.03945976
   -0.32710647
    0.07966313
    0.04703038
    0.03501781
    0.08425510
    0.03390386
    0.02566396
   -0.32328231
    0.09345697
    0.00835021
    0.02287181
   -0.06049655
    0.05377319
    0.04921796
    0.01249855
    0.05168342
   -0.00411074
   -0.17120693
    0.00941764
    0.05069538
    0.00873922
    0.00930360
    0.04519513
    0.06056225
   -0.01986796
    0.05201364
   -0.03353327
    0.05170520
   -0.02184998
    0.05878036
    0.00594381
    0.02226779
    0.05106362
   -0.01312824
    0.12385716
   -0.21781560
    0.12484655
   -0.01092749
    0.00760652
    0.05318995
    0.01032264
   -0.04254133
    0.04035597
   -0.04415622
    0.04564795
   -0.04064137
    0.04585546
   -0.02001501
   -0.01989624
   -0.04038214
    0.04539984
   -0.04510156
    0.04810733
   -0.04529841
    0.04559513
   -0.50234314
   -0.49508284
   -0.96827138
